%19-Mar-2019 14:39:39
%Comment: Enter a comment
%--------------------------------------------- 
%                   Setup 
%--------------------------------------------- 
%Number of measurements stored in this file: 1
%Center Frequency: 1.5GHz
%Center Frequency: 1.5GHz
%Number of Averages: 1 
%Start Pos: 0 degrees
%Stop Pos: 0 degrees
%Polarizations in order: VVVHHVHH 
%Columns of real and imaginary data. Col 1 = real, col 2 = imaginary. If more than 2 columns, odd columns are real and even columns are imaginary. 
%Az: 0 ================== 
0.0007112 0.0001595 -0.0003507 -0.0000135 -0.0002493 -0.0002914 -0.0009341 0.0008054 
-0.0013974 -0.0003514 0.0001743 -0.0001051 0.0001459 0.0001366 0.0001378 -0.0012136 
0.0012507 0.0001557 -0.0001442 0.0001814 -0.0001873 -0.0000539 0.0001316 0.0010736 
-0.0012829 0.0002626 0.0000919 -0.0001657 0.0001870 0.0000382 -0.0004482 -0.0009451 
0.0011202 -0.0004442 -0.0000124 0.0001682 -0.0001300 0.0000341 0.0006106 0.0006793 
-0.0008790 0.0006590 -0.0000036 -0.0001781 0.0001404 -0.0000786 -0.0006735 -0.0003605 
0.0005380 -0.0008855 0.0000369 0.0001246 -0.0000964 0.0000623 0.0006812 0.0001478 
-0.0003475 0.0008879 -0.0000860 -0.0001078 0.0000459 -0.0001017 -0.0005536 0.0000341 
-0.0002158 -0.0007205 0.0000581 0.0001056 -0.0000629 0.0001331 0.0003583 -0.0001624 
0.0002431 0.0008245 -0.0000916 -0.0000244 -0.0000065 -0.0000800 -0.0003686 0.0003347 
-0.0003313 -0.0005634 0.0001081 0.0000082 0.0000452 0.0000835 0.0002048 -0.0003905 
0.0005212 0.0005018 -0.0000762 0.0000189 -0.0000393 -0.0000645 -0.0000720 0.0004044 
-0.0005000 -0.0003729 0.0000675 -0.0000642 0.0000767 0.0000140 -0.0000753 -0.0004022 
0.0005314 0.0001124 -0.0000508 0.0000498 -0.0000768 -0.0000143 0.0002558 0.0002781 
-0.0006053 0.0000619 0.0000057 -0.0000575 0.0000471 -0.0000207 -0.0003135 -0.0001676 
0.0004737 -0.0001861 0.0000072 0.0000663 -0.0000529 0.0000488 0.0003464 -0.0000246 
-0.0003657 0.0005341 -0.0000188 -0.0000226 0.0000440 -0.0000275 -0.0003604 0.0002182 
0.0002685 -0.0004591 0.0000580 0.0000296 0.0000013 0.0000647 0.0002663 -0.0002310 
-0.0000043 0.0004519 -0.0000527 -0.0000215 -0.0000079 -0.0000716 -0.0001567 0.0003378 
-0.0000737 -0.0004471 0.0000605 -0.0000143 0.0000338 0.0000491 0.0000410 -0.0003697 
0.0001843 0.0003105 -0.0000688 0.0000272 -0.0000649 -0.0000547 0.0000775 0.0003766 
-0.0003558 -0.0002353 0.0000342 -0.0000475 0.0000628 0.0000307 -0.0002120 -0.0003891 
0.0003888 0.0001860 -0.0000215 0.0000743 -0.0000803 0.0000051 0.0003381 0.0002952 
-0.0003943 0.0000036 0.0000068 -0.0000734 0.0000847 -0.0000160 -0.0004717 -0.0002176 
0.0005199 -0.0000716 0.0000410 0.0000747 -0.0000505 0.0000390 0.0005555 0.0001166 
-0.0003765 0.0001982 -0.0000457 -0.0000810 0.0000600 -0.0000726 -0.0005299 0.0000942 
0.0002918 -0.0004066 0.0000610 0.0000548 -0.0000447 0.0000755 0.0005123 -0.0002637 
-0.0001781 0.0004321 -0.0000895 -0.0000407 0.0000082 -0.0000920 -0.0004224 0.0004121 
-0.0000357 -0.0004787 0.0000910 0.0000248 0.0000016 0.0000999 0.0003010 -0.0005274 
0.0001624 0.0005286 -0.0000999 0.0000195 -0.0000342 -0.0000853 -0.0001854 0.0005994 
-0.0002465 -0.0004078 0.0001049 -0.0000415 0.0000673 0.0000842 -0.0000029 -0.0006585 
0.0004238 0.0003352 -0.0000850 0.0000648 -0.0000775 -0.0000676 0.0001540 0.0006720 
-0.0003882 -0.0003157 0.0000728 -0.0001108 0.0000993 0.0000185 -0.0002839 -0.0006350 
0.0005005 0.0000908 -0.0000526 0.0001054 -0.0001115 -0.0000156 0.0005211 0.0005081 
-0.0005928 0.0000356 0.0000125 -0.0001138 0.0001015 -0.0000136 -0.0006545 -0.0003752 
0.0005407 -0.0001994 0.0000124 0.0001223 -0.0001013 0.0000508 0.0007566 0.0001801 
-0.0004994 0.0003969 -0.0000390 -0.0001091 0.0000881 -0.0000625 -0.0008007 0.0000145 
0.0004215 -0.0005005 0.0000795 0.0001010 -0.0000590 0.0000900 0.0007547 -0.0002072 
-0.0002147 0.0005664 -0.0000978 -0.0000862 0.0000440 -0.0001102 -0.0007070 0.0004148 
0.0000531 -0.0006640 0.0001138 0.0000511 -0.0000141 0.0001086 0.0005932 -0.0005650 
0.0000753 0.0005715 -0.0001400 -0.0000270 -0.0000332 -0.0001150 -0.0004238 0.0006966 
-0.0002930 -0.0005557 0.0001266 -0.0000044 0.0000460 0.0001078 0.0002359 -0.0008271 
0.0003836 0.0005154 -0.0001208 0.0000456 -0.0000734 -0.0000840 -0.0000257 0.0008664 
-0.0005206 -0.0003656 0.0001112 -0.0000696 0.0001021 0.0000684 -0.0001990 -0.0008645 
0.0006494 0.0002568 -0.0000804 0.0000941 -0.0001026 -0.0000385 0.0004166 0.0007971 
-0.0006528 -0.0001119 0.0000611 -0.0001212 0.0001165 0.0000020 -0.0005952 -0.0006492 
0.0006540 -0.0001302 -0.0000331 0.0001259 -0.0001179 0.0000188 0.0007525 0.0004984 
-0.0006387 0.0002786 -0.0000075 -0.0001288 0.0001004 -0.0000511 -0.0008388 -0.0002969 
0.0004641 -0.0004322 0.0000322 0.0001321 -0.0000916 0.0000893 0.0008857 0.0000523 
-0.0003617 0.0005702 -0.0000638 -0.0001054 0.0000662 -0.0000971 -0.0009023 0.0001489 
0.0002280 -0.0006002 0.0000973 0.0000850 -0.0000297 0.0001132 0.0008290 -0.0003641 
-0.0000501 0.0006351 -0.0001106 -0.0000596 0.0000051 -0.0001229 -0.0007284 0.0005563 
-0.0000927 -0.0006537 0.0001206 0.0000217 0.0000298 0.0001103 0.0005640 -0.0007201 
0.0002325 0.0005595 -0.0001284 0.0000025 -0.0000633 -0.0001056 -0.0003577 0.0008396 
-0.0004261 -0.0004882 0.0001170 -0.0000336 0.0000813 0.0000879 0.0001550 -0.0009027 
0.0005027 0.0003926 -0.0001036 0.0000689 -0.0001051 -0.0000571 0.0000818 0.0009018 
-0.0006016 -0.0001836 0.0000883 -0.0000871 0.0001272 0.0000355 -0.0003192 -0.0008584 
0.0006450 0.0000447 -0.0000520 0.0001081 -0.0001218 -0.0000009 0.0004983 0.0007627 
-0.0005926 0.0001118 0.0000225 -0.0001251 0.0001207 -0.0000392 -0.0006658 -0.0006075 
0.0005349 -0.0002740 0.0000079 0.0001212 -0.0001114 0.0000629 0.0007851 0.0004327 
-0.0004567 0.0003759 -0.0000456 -0.0001155 0.0000837 -0.0000942 -0.0008703 -0.0002196 
0.0002992 -0.0004564 0.0000674 0.0001041 -0.0000626 0.0001168 0.0009003 -0.0000052 
-0.0001997 0.0005610 -0.0000921 -0.0000781 0.0000301 -0.0001240 -0.0008644 0.0002146 
0.0000600 -0.0005521 0.0001142 0.0000522 0.0000084 0.0001316 0.0007803 -0.0004291 
0.0001361 0.0005827 -0.0001160 -0.0000239 -0.0000330 -0.0001329 -0.0006534 0.0006252 
-0.0002484 -0.0005250 0.0001244 -0.0000162 0.0000708 0.0001119 0.0004875 -0.0007400 
0.0003684 0.0004077 -0.0001223 0.0000476 -0.0001041 -0.0000926 -0.0002835 0.0008373 
-0.0004715 -0.0002859 0.0001030 -0.0000768 0.0001200 0.0000654 0.0000709 -0.0008673 
0.0005068 0.0001638 -0.0000802 0.0001056 -0.0001372 -0.0000262 0.0001484 0.0008621 
-0.0005201 0.0000102 0.0000535 -0.0001189 0.0001425 -0.0000053 -0.0003532 -0.0008062 
0.0005247 -0.0001085 -0.0000173 0.0001300 -0.0001324 0.0000435 0.0005378 0.0006866 
-0.0004372 0.0002314 -0.0000156 -0.0001350 0.0001212 -0.0000806 -0.0006925 -0.0005350 
0.0003901 -0.0003622 0.0000483 0.0001218 -0.0001005 0.0001027 0.0008038 0.0003520 
-0.0002910 0.0004236 -0.0000845 -0.0001109 0.0000646 -0.0001289 -0.0008582 -0.0001465 
0.0001425 -0.0004900 0.0001099 0.0000900 -0.0000316 0.0001457 0.0008703 -0.0000716 
-0.0000115 0.0005229 -0.0001297 -0.0000564 -0.0000055 -0.0001447 -0.0008215 0.0002868 
-0.0001194 -0.0004820 0.0001432 0.0000232 0.0000473 0.0001439 0.0007330 -0.0004772 
0.0002689 0.0004410 -0.0001421 0.0000132 -0.0000794 -0.0001284 -0.0005990 0.0006444 
-0.0003386 -0.0003656 0.0001355 -0.0000516 0.0001111 0.0000998 0.0004175 -0.0007717 
0.0004204 0.0002387 -0.0001222 0.0000831 -0.0001362 -0.0000716 -0.0002212 0.0008546 
-0.0004806 -0.0001498 0.0000935 -0.0001114 0.0001449 0.0000363 0.0000106 -0.0008854 
0.0004860 0.0000338 -0.0000669 0.0001360 -0.0001531 0.0000074 0.0002046 0.0008601 
-0.0004820 0.0001172 0.0000341 -0.0001474 0.0001495 -0.0000433 -0.0004106 -0.0007895 
0.0004622 -0.0002322 0.0000064 0.0001522 -0.0001295 0.0000805 0.0006017 0.0006659 
-0.0003660 0.0003286 -0.0000438 -0.0001481 0.0001079 -0.0001146 -0.0007416 -0.0005074 
0.0002882 -0.0004377 0.0000797 0.0001300 -0.0000752 0.0001353 0.0008460 0.0003132 
-0.0001677 0.0004676 -0.0001114 -0.0001068 0.0000346 -0.0001511 -0.0009032 -0.0000968 
0.0000274 -0.0005026 0.0001336 0.0000785 0.0000023 0.0001570 0.0008994 -0.0001208 
0.0000780 0.0004973 -0.0001487 -0.0000398 -0.0000415 -0.0001457 -0.0008487 0.0003326 
-0.0001880 -0.0004529 0.0001556 0.0000044 0.0000820 0.0001329 0.0007432 -0.0005265 
0.0003176 0.0003980 -0.0001502 0.0000320 -0.0001101 -0.0001099 -0.0005992 0.0006946 
-0.0003959 -0.0003315 0.0001375 -0.0000707 0.0001350 0.0000734 0.0004185 -0.0008272 
0.0004636 0.0002048 -0.0001168 0.0001019 -0.0001514 -0.0000397 -0.0002132 0.0008981 
-0.0005246 -0.0001085 0.0000851 -0.0001280 0.0001529 -0.0000005 -0.0000084 -0.0009288 
0.0005115 -0.0000377 -0.0000507 0.0001459 -0.0001481 0.0000424 0.0002300 0.0009067 
-0.0005010 0.0001686 0.0000147 -0.0001525 0.0001329 -0.0000760 -0.0004393 -0.0008221 
0.0004411 -0.0002699 0.0000260 0.0001514 -0.0001039 0.0001071 0.0006185 0.0007019 
-0.0003622 0.0003648 -0.0000600 -0.0001395 0.0000752 -0.0001324 -0.0007663 -0.0005299 
0.0002662 -0.0004612 0.0000898 0.0001185 -0.0000412 0.0001439 0.0008742 0.0003350 
-0.0001713 0.0005002 -0.0001175 -0.0000914 -0.0000007 -0.0001496 -0.0009331 -0.0001281 
0.0000265 -0.0005284 0.0001362 0.0000605 0.0000359 0.0001454 0.0009311 -0.0000974 
0.0000783 0.0005364 -0.0001459 -0.0000232 -0.0000715 -0.0001282 -0.0008849 0.0003124 
-0.0002205 -0.0004851 0.0001474 -0.0000137 0.0001033 0.0001058 0.0007898 -0.0005087 
0.0003386 0.0004378 -0.0001379 0.0000481 -0.0001236 -0.0000763 -0.0006436 0.0006811 
-0.0004244 -0.0003395 0.0001207 -0.0000827 0.0001379 0.0000381 0.0004704 -0.0008117 
0.0004928 0.0002226 -0.0000962 0.0001075 -0.0001449 -0.0000044 -0.0002629 0.0008944 
-0.0005406 -0.0001062 0.0000652 -0.0001251 0.0001381 -0.0000304 0.0000465 -0.0009334 
0.0005396 -0.0000111 -0.0000319 0.0001379 -0.0001261 0.0000670 0.0001613 0.0009146 
-0.0005317 0.0001552 -0.0000025 -0.0001416 0.0001052 -0.0000932 -0.0003762 -0.0008460 
0.0004862 -0.0002556 0.0000373 0.0001355 -0.0000759 0.0001160 0.0005540 0.0007376 
-0.0004061 0.0003807 -0.0000698 -0.0001225 0.0000446 -0.0001324 -0.0007058 -0.0005895 
0.0003189 -0.0004691 0.0000961 0.0001008 -0.0000104 0.0001368 0.0008230 0.0004060 
-0.0001953 0.0005333 -0.0001189 -0.0000737 -0.0000269 -0.0001340 -0.0008897 -0.0002044 
0.0000551 -0.0005614 0.0001319 0.0000426 0.0000567 0.0001245 0.0009087 -0.0000098 
0.0000729 0.0005680 -0.0001362 -0.0000074 -0.0000841 -0.0001033 -0.0008824 0.0002177 
-0.0001934 -0.0005172 0.0001347 -0.0000256 0.0001089 0.0000802 0.0008005 -0.0004035 
0.0003307 0.0004712 -0.0001249 0.0000563 -0.0001223 -0.0000510 -0.0006821 0.0005831 
-0.0004141 -0.0003806 0.0001070 -0.0000846 0.0001307 0.0000182 0.0005322 -0.0007133 
0.0005076 0.0002695 -0.0000843 0.0001087 -0.0001323 0.0000140 -0.0003534 0.0008111 
-0.0005573 -0.0001533 0.0000554 -0.0001241 0.0001230 -0.0000453 0.0001577 -0.0008710 
0.0005847 0.0000165 -0.0000234 0.0001356 -0.0001078 0.0000768 0.0000461 0.0008782 
-0.0005673 0.0001336 -0.0000090 -0.0001367 0.0000880 -0.0000973 -0.0002452 -0.0008432 
0.0005306 -0.0002599 0.0000430 0.0001294 -0.0000588 0.0001150 0.0004290 0.0007662 
-0.0004336 0.0003693 -0.0000719 -0.0001166 0.0000314 -0.0001274 -0.0005836 -0.0006404 
0.0003501 -0.0004773 0.0000966 0.0000968 0.0000003 0.0001286 0.0007206 0.0004889 
-0.0002237 0.0005275 -0.0001170 -0.0000711 -0.0000323 -0.0001254 -0.0008035 -0.0003161 
0.0000960 -0.0005783 0.0001314 0.0000426 0.0000609 0.0001155 0.0008496 0.0001234 
0.0000395 0.0005803 -0.0001363 -0.0000102 -0.0000862 -0.0000967 -0.0008596 0.0000697 
-0.0001714 -0.0005680 0.0001363 -0.0000223 0.0001095 0.0000740 0.0008165 -0.0002664 
0.0003086 0.0005008 -0.0001282 0.0000534 -0.0001218 -0.0000477 -0.0007399 0.0004431 
-0.0004148 -0.0004235 0.0001107 -0.0000844 0.0001292 0.0000142 0.0006231 -0.0005979 
0.0004975 0.0002913 -0.0000896 0.0001078 -0.0001309 0.0000149 -0.0004643 0.0007212 
-0.0005645 -0.0001823 0.0000618 -0.0001242 0.0001216 -0.0000456 0.0002929 -0.0008125 
0.0005750 0.0000401 -0.0000305 0.0001367 -0.0001085 0.0000746 -0.0001033 0.0008546 
-0.0005775 0.0000919 -0.0000010 -0.0001407 0.0000896 -0.0000979 -0.0000950 -0.0008560 
0.0005308 -0.0002196 0.0000345 0.0001353 -0.0000632 0.0001167 0.0002828 0.0008188 
-0.0004694 0.0003323 -0.0000655 -0.0001257 0.0000345 -0.0001315 -0.0004623 -0.0007336 
0.0003774 -0.0004387 0.0000928 0.0001071 -0.0000040 0.0001340 0.0006194 0.0006160 
-0.0002709 0.0005120 -0.0001177 -0.0000810 -0.0000307 -0.0001313 -0.0007422 -0.0004641 
0.0001269 -0.0005593 0.0001337 0.0000524 0.0000593 0.0001223 0.0008332 0.0002795 
-0.0000046 0.0005758 -0.0001404 -0.0000193 -0.0000873 -0.0001029 -0.0008827 -0.0000896 
-0.0001304 -0.0005505 0.0001429 -0.0000156 0.0001115 0.0000805 0.0008815 -0.0001136 
0.0002493 0.0005051 -0.0001352 0.0000473 -0.0001267 -0.0000536 -0.0008353 0.0003133 
-0.0003550 -0.0004289 0.0001189 -0.0000792 0.0001364 0.0000207 0.0007512 -0.0004938 
0.0004336 0.0003344 -0.0000987 0.0001055 -0.0001409 0.0000118 -0.0006239 0.0006548 
-0.0005037 -0.0002301 0.0000703 -0.0001251 0.0001315 -0.0000441 0.0004646 -0.0007843 
0.0005341 0.0001128 -0.0000379 0.0001410 -0.0001183 0.0000776 -0.0002790 0.0008723 
-0.0005526 0.0000274 0.0000038 -0.0001457 0.0000974 -0.0001021 0.0000691 -0.0009214 
0.0005276 -0.0001363 0.0000323 0.0001407 -0.0000679 0.0001234 0.0001389 0.0009193 
-0.0004743 0.0002536 -0.0000664 -0.0001305 0.0000370 -0.0001381 -0.0003474 -0.0008674 
0.0004028 -0.0003478 0.0000942 0.0001104 -0.0000043 0.0001419 0.0005404 0.0007697 
-0.0003106 0.0004279 -0.0001200 -0.0000829 -0.0000319 -0.0001390 -0.0007017 -0.0006334 
0.0002027 -0.0004751 0.0001363 0.0000535 0.0000633 0.0001303 0.0008319 0.0004594 
-0.0000993 0.0005124 -0.0001441 -0.0000176 -0.0000928 -0.0001077 -0.0009217 -0.0002604 
-0.0000136 -0.0005089 0.0001470 -0.0000182 0.0001194 0.0000832 0.0009593 0.0000461 
0.0001369 0.0005039 -0.0001376 0.0000530 -0.0001339 -0.0000522 -0.0009524 0.0001786 
-0.0002316 -0.0004581 0.0001191 -0.0000869 0.0001438 0.0000152 0.0008924 -0.0003912 
0.0003292 0.0003885 -0.0000958 0.0001142 -0.0001446 0.0000193 -0.0007808 0.0005876 
-0.0004033 -0.0003022 0.0000641 -0.0001329 0.0001340 -0.0000527 0.0006276 -0.0007554 
0.0004599 0.0002080 -0.0000283 0.0001469 -0.0001164 0.0000855 -0.0004399 0.0008792 
-0.0004852 -0.0000944 -0.0000066 -0.0001492 0.0000946 -0.0001101 0.0002294 -0.0009593 
0.0005026 -0.0000074 0.0000450 0.0001415 -0.0000607 0.0001293 -0.0000049 0.0009909 
-0.0004773 0.0001146 -0.0000781 -0.0001297 0.0000287 -0.0001436 -0.0002201 -0.0009660 
0.0004559 -0.0002232 0.0001070 0.0001051 0.0000072 0.0001432 0.0004387 0.0008942 
-0.0003938 0.0003080 -0.0001326 -0.0000748 -0.0000451 -0.0001383 -0.0006341 -0.0007721 
0.0003115 -0.0003919 0.0001470 0.0000418 0.0000765 0.0001240 0.0007939 0.0006047 
-0.0002153 0.0004508 -0.0001519 -0.0000030 -0.0001035 -0.0000990 -0.0009152 -0.0004066 
0.0001107 -0.0004950 0.0001503 -0.0000357 0.0001259 0.0000700 0.0009798 0.0001836 
0.0000080 0.0005073 -0.0001361 0.0000697 -0.0001370 -0.0000389 -0.0009958 0.0000474 
-0.0001173 -0.0004982 0.0001137 -0.0001032 0.0001423 0.0000001 0.0009603 -0.0002707 
0.0002243 0.0004532 -0.0000882 0.0001274 -0.0001403 0.0000333 -0.0008698 0.0004838 
-0.0003258 -0.0004030 0.0000528 -0.0001442 0.0001247 -0.0000664 0.0007368 -0.0006697 
0.0004062 0.0003214 -0.0000150 0.0001560 -0.0001060 0.0000976 -0.0005637 0.0008203 
-0.0004753 -0.0002165 -0.0000213 -0.0001539 0.0000795 -0.0001185 0.0003569 -0.0009260 
0.0005207 0.0000989 0.0000603 0.0001429 -0.0000449 0.0001336 -0.0001341 0.0009847 
-0.0005353 0.0000208 -0.0000938 -0.0001261 0.0000105 -0.0001416 -0.0000985 -0.0009837 
0.0005232 -0.0001535 0.0001196 0.0000978 0.0000223 0.0001368 0.0003229 0.0009301 
-0.0004777 0.0002693 -0.0001421 -0.0000647 -0.0000590 -0.0001273 -0.0005215 -0.0008307 
0.0003955 -0.0003803 0.0001512 0.0000306 0.0000855 0.0001105 0.0006955 0.0006825 
-0.0003068 0.0004622 -0.0001530 0.0000088 -0.0001099 -0.0000831 -0.0008327 -0.0005063 
0.0001855 -0.0005267 0.0001487 -0.0000453 0.0001281 0.0000557 0.0009228 0.0003026 
-0.0000511 0.0005624 -0.0001310 0.0000774 -0.0001355 -0.0000234 -0.0009663 -0.0000806 
-0.0000887 -0.0005673 0.0001067 -0.0001085 0.0001361 -0.0000135 0.0009585 -0.0001429 
0.0002181 0.0005364 -0.0000793 0.0001301 -0.0001294 0.0000457 -0.0008951 0.0003619 
-0.0003528 -0.0004733 0.0000427 -0.0001427 0.0001100 -0.0000737 0.0007837 -0.0005585 
0.0004564 0.0003770 -0.0000067 0.0001502 -0.0000899 0.0001011 -0.0006331 0.0007141 
-0.0005414 -0.0002489 -0.0000274 -0.0001435 0.0000634 -0.0001161 0.0004476 -0.0008391 
0.0005871 0.0001158 0.0000623 0.0001306 -0.0000302 0.0001274 -0.0002456 0.0009158 
-0.0005987 0.0000362 -0.0000900 -0.0001134 0.0000013 -0.0001311 0.0000312 -0.0009416 
0.0005782 -0.0001854 0.0001116 0.0000849 0.0000300 0.0001241 0.0001863 0.0009258 
-0.0005237 0.0003234 -0.0001293 -0.0000542 -0.0000618 -0.0001121 -0.0003903 -0.0008589 
0.0004286 -0.0004374 0.0001358 0.0000235 0.0000855 0.0000942 0.0005779 0.0007440 
-0.0003102 0.0005403 -0.0001338 0.0000128 -0.0001032 -0.0000657 -0.0007352 -0.0005893 
0.0001695 -0.0005966 0.0001278 -0.0000433 0.0001180 0.0000405 0.0008417 0.0004030 
-0.0000127 0.0006247 -0.0001081 0.0000703 -0.0001188 -0.0000109 -0.0009124 -0.0001950 
-0.0001419 -0.0006046 0.0000867 -0.0000947 0.0001173 -0.0000210 0.0009308 -0.0000156 
0.0002916 0.0005487 -0.0000625 0.0001088 -0.0001078 0.0000447 -0.0008967 0.0002229 
-0.0004210 -0.0004631 0.0000306 -0.0001171 0.0000894 -0.0000681 0.0008251 -0.0004234 
0.0005196 0.0003501 -0.0000013 0.0001211 -0.0000696 0.0000897 -0.0007078 0.0005970 
-0.0005770 -0.0002049 -0.0000250 -0.0001143 0.0000458 -0.0001011 0.0005543 -0.0007442 
0.0006113 0.0000561 0.0000542 0.0001018 -0.0000147 0.0001065 -0.0003702 0.0008524 
-0.0005990 0.0000933 -0.0000746 -0.0000868 -0.0000088 -0.0001075 0.0001595 -0.0009107 
0.0005562 -0.0002461 0.0000903 0.0000608 0.0000340 0.0000960 0.0000532 0.0009218 
-0.0004762 0.0003723 -0.0001026 -0.0000366 -0.0000586 -0.0000836 -0.0002599 -0.0008844 
0.0003586 -0.0004725 0.0001038 0.0000130 0.0000719 0.0000652 0.0004529 0.0007960 
-0.0002332 0.0005443 -0.0001013 0.0000158 -0.0000841 -0.0000411 -0.0006214 -0.0006768 
0.0000933 -0.0005699 0.0000948 -0.0000383 0.0000924 0.0000199 0.0007521 0.0005190 
0.0000560 0.0005631 -0.0000797 0.0000572 -0.0000906 0.0000030 -0.0008524 -0.0003343 
-0.0001869 -0.0005260 0.0000619 -0.0000765 0.0000845 -0.0000298 0.0009075 0.0001342 
0.0002999 0.0004517 -0.0000437 0.0000859 -0.0000743 0.0000455 -0.0009124 0.0000809 
-0.0003982 -0.0003553 0.0000178 -0.0000922 0.0000547 -0.0000621 0.0008726 -0.0002850 
0.0004670 0.0002463 0.0000041 0.0000944 -0.0000373 0.0000746 -0.0007808 0.0004724 
-0.0004949 -0.0001167 -0.0000244 -0.0000866 0.0000160 -0.0000758 0.0006451 -0.0006372 
0.0005012 -0.0000020 0.0000473 0.0000778 0.0000071 0.0000757 -0.0004879 0.0007635 
-0.0004642 0.0001184 -0.0000623 -0.0000658 -0.0000240 -0.0000720 0.0003030 -0.0008466 
0.0004069 -0.0002324 0.0000740 0.0000468 0.0000400 0.0000598 -0.0001041 0.0008921 
-0.0003335 0.0003091 -0.0000853 -0.0000284 -0.0000574 -0.0000468 -0.0000957 -0.0008914 
0.0002339 -0.0003634 0.0000868 0.0000099 0.0000626 0.0000306 0.0002986 0.0008462 
-0.0001343 0.0004014 -0.0000869 0.0000139 -0.0000683 -0.0000090 -0.0004790 -0.0007582 
0.0000381 -0.0004048 0.0000828 -0.0000325 0.0000688 -0.0000071 0.0006340 0.0006248 
0.0000654 0.0003866 -0.0000699 0.0000496 -0.0000597 0.0000259 -0.0007607 -0.0004605 
-0.0001422 -0.0003517 0.0000581 -0.0000673 0.0000509 -0.0000425 0.0008360 0.0002794 
0.0002142 0.0002852 -0.0000430 0.0000771 -0.0000393 0.0000511 -0.0008700 -0.0000830 
-0.0002755 -0.0002187 0.0000222 -0.0000838 0.0000222 -0.0000577 0.0008639 -0.0001140 
0.0003011 0.0001479 -0.0000038 0.0000901 -0.0000081 0.0000651 -0.0008119 0.0002981 
-0.0003117 -0.0000617 -0.0000148 -0.0000859 -0.0000083 -0.0000599 0.0007270 -0.0004729 
0.0003102 -0.0000140 0.0000371 0.0000824 0.0000266 0.0000575 -0.0006022 0.0006180 
-0.0002805 0.0000722 -0.0000531 -0.0000734 -0.0000371 -0.0000498 0.0004441 -0.0007324 
0.0002476 -0.0001416 0.0000685 0.0000568 0.0000501 0.0000352 -0.0002643 0.0008166 
-0.0002068 0.0001740 -0.0000823 -0.0000423 -0.0000592 -0.0000230 0.0000795 -0.0008457 
0.0001444 -0.0002125 0.0000881 0.0000241 0.0000590 0.0000088 0.0001149 0.0008366 
-0.0000969 0.0002422 -0.0000906 -0.0000015 -0.0000586 0.0000077 -0.0002952 -0.0007879 
0.0000447 -0.0002439 0.0000918 -0.0000171 0.0000582 -0.0000187 0.0004581 0.0006961 
0.0000211 0.0002413 -0.0000825 0.0000360 -0.0000474 0.0000319 -0.0005977 -0.0005829 
-0.0000677 -0.0002321 0.0000745 -0.0000566 0.0000408 -0.0000449 0.0007077 0.0004340 
0.0001067 0.0001960 -0.0000611 0.0000700 -0.0000307 0.0000494 -0.0007845 -0.0002646 
-0.0001593 -0.0001742 0.0000400 -0.0000822 0.0000150 -0.0000574 0.0008295 0.0000848 
0.0001768 0.0001382 -0.0000233 0.0000907 -0.0000039 0.0000606 -0.0008197 0.0001001 
-0.0002098 -0.0000877 0.0000027 -0.0000910 -0.0000095 -0.0000556 0.0007771 -0.0002848 
0.0002300 0.0000500 0.0000202 0.0000879 0.0000234 0.0000516 -0.0006946 0.0004471 
-0.0002311 -0.0000031 -0.0000375 -0.0000827 -0.0000306 -0.0000484 0.0005736 -0.0005880 
0.0002329 -0.0000625 0.0000538 0.0000674 0.0000408 0.0000358 -0.0004351 0.0006976 
-0.0002270 0.0001076 -0.0000690 -0.0000548 -0.0000492 -0.0000295 0.0002668 -0.0007739 
0.0001859 -0.0001519 0.0000767 0.0000373 0.0000507 0.0000186 -0.0000884 0.0008172 
-0.0001622 0.0002114 -0.0000823 -0.0000147 -0.0000562 -0.0000050 -0.0000918 -0.0008247 
0.0001129 -0.0002310 0.0000826 -0.0000017 0.0000571 -0.0000045 0.0002745 0.0007792 
-0.0000528 0.0002664 -0.0000753 0.0000203 -0.0000506 0.0000166 -0.0004483 -0.0007026 
0.0000039 -0.0002843 0.0000657 -0.0000388 0.0000462 -0.0000290 0.0005930 0.0005880 
0.0000621 0.0002759 -0.0000542 0.0000493 -0.0000414 0.0000336 -0.0007129 -0.0004361 
-0.0001400 -0.0002715 0.0000355 -0.0000581 0.0000295 -0.0000426 0.0007900 0.0002693 
0.0001967 0.0002485 -0.0000217 0.0000637 -0.0000235 0.0000494 -0.0008317 -0.0000821 
-0.0002567 -0.0001869 0.0000052 -0.0000618 0.0000124 -0.0000494 0.0008342 -0.0001055 
0.0003121 0.0001404 0.0000131 0.0000585 0.0000002 0.0000541 -0.0007951 0.0002870 
-0.0003299 -0.0000611 -0.0000229 -0.0000504 -0.0000088 -0.0000536 0.0007084 -0.0004646 
0.0003552 -0.0000205 0.0000330 0.0000371 0.0000209 0.0000465 -0.0005919 0.0006172 
-0.0003516 0.0000919 -0.0000411 -0.0000243 -0.0000329 -0.0000412 0.0004394 -0.0007365 
0.0003139 -0.0001764 0.0000397 0.0000116 0.0000361 0.0000348 -0.0002569 0.0008224 
-0.0002859 0.0002597 -0.0000381 0.0000042 -0.0000447 -0.0000222 0.0000626 -0.0008554 
0.0002324 -0.0003163 0.0000321 -0.0000122 0.0000490 0.0000153 0.0001374 0.0008515 
-0.0001366 0.0003740 -0.0000217 0.0000204 -0.0000471 -0.0000034 -0.0003278 -0.0008004 
0.0000646 -0.0004093 0.0000124 -0.0000275 0.0000495 -0.0000090 0.0004966 0.0007060 
0.0000425 0.0004046 -0.0000010 0.0000251 -0.0000464 0.0000165 -0.0006507 -0.0005704 
-0.0001381 -0.0004015 -0.0000121 -0.0000228 0.0000370 -0.0000284 0.0007640 0.0004121 
0.0002171 0.0003591 0.0000210 0.0000181 -0.0000293 0.0000380 -0.0008381 -0.0002258 
-0.0002992 -0.0002913 -0.0000267 -0.0000055 0.0000201 -0.0000380 0.0008705 0.0000245 
0.0003659 0.0002336 0.0000330 -0.0000046 -0.0000064 0.0000434 -0.0008452 0.0001801 
-0.0003993 -0.0001493 -0.0000289 0.0000168 -0.0000009 -0.0000431 0.0007840 -0.0003702 
0.0004354 0.0000355 0.0000241 -0.0000300 0.0000120 0.0000364 -0.0006735 0.0005374 
-0.0004329 0.0000395 -0.0000175 0.0000374 -0.0000218 -0.0000349 0.0005260 -0.0006716 
0.0004024 -0.0001517 0.0000031 -0.0000454 0.0000257 0.0000269 -0.0003573 0.0007751 
-0.0003671 0.0002337 0.0000097 0.0000503 -0.0000335 -0.0000152 0.0001710 -0.0008274 
0.0002967 -0.0002996 -0.0000228 -0.0000488 0.0000370 0.0000061 0.0000235 0.0008399 
-0.0002127 0.0003612 0.0000403 0.0000428 -0.0000308 0.0000039 -0.0002162 -0.0008073 
0.0001470 -0.0003968 -0.0000516 -0.0000364 0.0000304 -0.0000155 0.0003971 0.0007267 
-0.0000573 0.0003968 0.0000626 0.0000205 -0.0000227 0.0000195 -0.0005481 -0.0006181 
-0.0000475 -0.0004125 -0.0000703 -0.0000043 0.0000117 -0.0000258 0.0006667 0.0004658 
0.0001061 0.0003884 0.0000698 -0.0000116 -0.0000063 0.0000284 -0.0007439 -0.0002927 
-0.0002000 -0.0003461 -0.0000684 0.0000323 -0.0000038 -0.0000245 0.0007861 0.0001177 
0.0002635 0.0003013 0.0000622 -0.0000482 0.0000147 0.0000246 -0.0007763 0.0000624 
-0.0003091 -0.0002281 -0.0000495 0.0000615 -0.0000207 -0.0000199 0.0007321 -0.0002349 
0.0003602 0.0001494 0.0000336 -0.0000759 0.0000266 0.0000069 -0.0006518 0.0003867 
-0.0003751 -0.0000924 -0.0000179 0.0000820 -0.0000312 -0.0000005 0.0005395 -0.0005223 
0.0003579 0.0000066 -0.0000047 -0.0000857 0.0000265 -0.0000112 -0.0004101 0.0006159 
-0.0003708 0.0000787 0.0000248 0.0000847 -0.0000243 0.0000235 0.0002488 -0.0006808 
0.0003395 -0.0001279 -0.0000424 -0.0000748 0.0000169 -0.0000274 -0.0000876 0.0007077 
-0.0003018 0.0002094 0.0000620 0.0000649 -0.0000040 0.0000343 -0.0000652 -0.0006988 
0.0002590 -0.0002615 -0.0000742 -0.0000503 -0.0000036 -0.0000381 0.0002165 0.0006514 
-0.0001901 0.0003019 0.0000817 0.0000310 0.0000137 0.0000353 -0.0003471 -0.0005763 
0.0001158 -0.0003569 -0.0000894 -0.0000113 -0.0000301 -0.0000326 0.0004532 0.0004796 
-0.0000569 0.0003644 0.0000879 -0.0000073 0.0000367 0.0000256 -0.0005462 -0.0003677 
-0.0000334 -0.0003442 -0.0000840 0.0000292 -0.0000459 -0.0000113 0.0005940 0.0002426 
0.0001087 0.0003623 0.0000761 -0.0000473 0.0000529 0.0000000 -0.0006232 -0.0001016 
-0.0001655 -0.0003188 -0.0000603 0.0000613 -0.0000490 0.0000149 0.0006244 -0.0000340 
0.0002502 0.0002789 0.0000455 -0.0000757 0.0000468 -0.0000333 -0.0005962 0.0001586 
-0.0003011 -0.0002321 -0.0000281 0.0000815 -0.0000389 0.0000425 0.0005401 -0.0002827 
0.0003453 0.0001496 0.0000077 -0.0000824 0.0000248 -0.0000517 -0.0004624 0.0003819 
-0.0003994 -0.0000637 0.0000107 0.0000843 -0.0000126 0.0000640 0.0003693 -0.0004636 
0.0003948 -0.0000131 -0.0000275 -0.0000764 -0.0000038 -0.0000633 -0.0002698 0.0005353 
-0.0003707 0.0001275 0.0000454 0.0000681 0.0000245 0.0000634 0.0001529 -0.0005644 
0.0003642 -0.0002069 -0.0000587 -0.0000571 -0.0000390 -0.0000599 -0.0000291 0.0005892 
-0.0002865 0.0002817 0.0000687 0.0000392 0.0000554 0.0000448 -0.0000930 -0.0005857 
0.0002222 -0.0003595 -0.0000767 -0.0000234 -0.0000704 -0.0000318 0.0002112 0.0005507 
-0.0001371 0.0003998 0.0000778 0.0000060 0.0000741 0.0000129 -0.0003290 -0.0005000 
0.0000256 -0.0004278 -0.0000737 0.0000129 -0.0000753 0.0000093 0.0004244 0.0004184 
0.0000781 0.0004541 0.0000716 -0.0000291 0.0000777 -0.0000262 -0.0005084 -0.0003253 
-0.0001808 -0.0004094 -0.0000598 0.0000428 -0.0000651 0.0000461 0.0005747 0.0002199 
0.0003138 0.0003472 0.0000490 -0.0000561 0.0000543 -0.0000646 -0.0006016 -0.0000896 
-0.0003790 -0.0002899 -0.0000360 0.0000660 -0.0000391 0.0000754 0.0006231 -0.0000406 
0.0004410 0.0001560 0.0000167 -0.0000723 0.0000148 -0.0000855 -0.0006130 0.0001757 
-0.0004830 -0.0000526 -0.0000011 0.0000751 0.0000049 0.0000906 0.0005623 -0.0003065 
0.0004753 -0.0000679 -0.0000164 -0.0000722 -0.0000285 -0.0000836 -0.0004950 0.0004342 
-0.0004536 0.0002004 0.0000346 0.0000637 0.0000523 0.0000740 0.0003903 -0.0005368 
0.0004122 -0.0002963 -0.0000487 -0.0000569 -0.0000664 -0.0000640 -0.0002667 0.0006222 
-0.0003080 0.0003920 0.0000592 0.0000415 0.0000809 0.0000410 0.0001329 -0.0006743 
0.0002044 -0.0004979 -0.0000693 -0.0000273 -0.0000922 -0.0000223 0.0000320 0.0006881 
-0.0000920 0.0005185 0.0000743 0.0000120 0.0000923 0.0000009 -0.0001830 -0.0006829 
-0.0000724 -0.0005305 -0.0000756 0.0000097 -0.0000924 0.0000268 0.0003381 0.0006366 
0.0001939 0.0005070 0.0000728 -0.0000257 0.0000856 -0.0000452 -0.0004793 -0.0005456 
-0.0003187 -0.0004324 -0.0000644 0.0000432 -0.0000684 0.0000664 0.0006018 0.0004351 
0.0004271 0.0003456 0.0000502 -0.0000606 0.0000494 -0.0000852 -0.0006979 -0.0002865 
-0.0004780 -0.0002461 -0.0000365 0.0000709 -0.0000314 0.0000900 0.0007552 0.0001216 
0.0005304 0.0001037 0.0000171 -0.0000773 0.0000043 -0.0000961 -0.0007646 0.0000459 
-0.0005676 0.0000179 0.0000020 0.0000813 0.0000170 0.0000965 0.0007381 -0.0002369 
0.0005207 -0.0001522 -0.0000193 -0.0000793 -0.0000376 -0.0000857 -0.0006741 0.0004004 
-0.0004757 0.0003019 0.0000426 0.0000736 0.0000623 0.0000767 0.0005738 -0.0005506 
0.0003866 -0.0003943 -0.0000571 -0.0000641 -0.0000737 -0.0000615 -0.0004276 0.0006687 
-0.0002629 0.0004821 0.0000727 0.0000477 0.0000882 0.0000378 0.0002700 -0.0007579 
0.0001436 -0.0005287 -0.0000864 -0.0000266 -0.0000988 -0.0000155 -0.0000843 0.0008096 
-0.0000170 0.0005201 0.0000890 0.0000075 0.0000924 -0.0000054 -0.0001044 -0.0008093 
-0.0001209 -0.0005099 -0.0000892 0.0000168 -0.0000902 0.0000315 0.0002857 0.0007586 
0.0002161 0.0004655 0.0000847 -0.0000375 0.0000815 -0.0000486 -0.0004702 -0.0006763 
-0.0003217 -0.0003775 -0.0000730 0.0000548 -0.0000620 0.0000641 0.0006068 0.0005433 
0.0004005 0.0002986 0.0000593 -0.0000750 0.0000488 -0.0000811 -0.0007167 -0.0003984 
-0.0004501 -0.0001852 -0.0000418 0.0000854 -0.0000293 0.0000845 0.0007858 0.0002162 
0.0004727 0.0000731 0.0000191 -0.0000941 0.0000047 -0.0000906 -0.0008159 -0.0000345 
-0.0004631 0.0000435 0.0000061 0.0001017 0.0000161 0.0000936 0.0008022 -0.0001508 
0.0004093 -0.0001386 -0.0000269 -0.0000942 -0.0000340 -0.0000779 -0.0007333 0.0003336 
-0.0003594 0.0002321 0.0000526 0.0000862 0.0000553 0.0000705 0.0006333 -0.0004895 
0.0002841 -0.0002683 -0.0000715 -0.0000721 -0.0000670 -0.0000556 -0.0005062 0.0006348 
-0.0001934 0.0003235 0.0000839 0.0000519 0.0000760 0.0000328 0.0003375 -0.0007229 
0.0001336 -0.0003473 -0.0000976 -0.0000337 -0.0000846 -0.0000199 -0.0001719 0.0007698 
-0.0000454 0.0003544 0.0001005 0.0000102 0.0000802 -0.0000011 -0.0000182 -0.0007828 
-0.0000229 -0.0003482 -0.0001009 0.0000147 -0.0000805 0.0000235 0.0001865 0.0007527 
0.0000984 0.0003129 0.0001007 -0.0000393 0.0000776 -0.0000394 -0.0003403 -0.0006819 
-0.0001573 -0.0002709 -0.0000851 0.0000583 -0.0000565 0.0000534 0.0004882 0.0005709 
0.0002048 0.0002200 0.0000684 -0.0000820 0.0000448 -0.0000707 -0.0006051 -0.0004463 
-0.0002187 -0.0001606 -0.0000492 0.0000943 -0.0000284 0.0000744 0.0006893 0.0003051 
0.0002301 0.0001016 0.0000227 -0.0001008 0.0000031 -0.0000786 -0.0007358 -0.0001271 
-0.0002452 -0.0000639 -0.0000033 0.0001074 0.0000074 0.0000806 0.0007234 -0.0000259 
0.0002445 0.0000265 -0.0000228 -0.0001015 -0.0000291 -0.0000698 -0.0006962 0.0002015 
-0.0002354 0.0000145 0.0000462 0.0000940 0.0000475 0.0000641 0.0006275 -0.0003371 
0.0002313 -0.0000622 -0.0000667 -0.0000878 -0.0000583 -0.0000583 -0.0005172 0.0004491 
-0.0002033 0.0001081 0.0000823 0.0000662 0.0000692 0.0000328 0.0003967 -0.0005621 
0.0001765 -0.0001449 -0.0001017 -0.0000440 -0.0000811 -0.0000175 -0.0002633 0.0006325 
-0.0001348 0.0001691 0.0001077 0.0000225 0.0000788 0.0000002 0.0001248 -0.0006716 
0.0001037 -0.0001899 -0.0001074 0.0000080 -0.0000779 0.0000278 0.0000305 0.0006856 
-0.0000655 0.0002152 0.0001068 -0.0000261 0.0000729 -0.0000359 -0.0001732 -0.0006325 
0.0000388 -0.0002329 -0.0000931 0.0000516 -0.0000552 0.0000570 0.0003300 0.0005867 
0.0000103 0.0002320 0.0000794 -0.0000722 0.0000444 -0.0000712 -0.0004336 -0.0004873 
-0.0000662 -0.0002557 -0.0000698 0.0000872 -0.0000341 0.0000760 0.0005132 0.0003526 
0.0001263 0.0002205 0.0000420 -0.0001009 0.0000036 -0.0000846 -0.0005990 -0.0002317 
-0.0001884 -0.0002035 -0.0000187 0.0001139 0.0000125 0.0000891 0.0006210 0.0000998 
0.0002455 0.0001528 -0.0000050 -0.0001123 -0.0000321 -0.0000781 -0.0006253 0.0000357 
-0.0002795 -0.0000865 0.0000378 0.0001087 0.0000614 0.0000731 0.0006186 -0.0001651 
0.0003140 0.0000176 -0.0000544 -0.0001001 -0.0000667 -0.0000585 -0.0005232 0.0003031 
-0.0003137 0.0000311 0.0000781 0.0000800 0.0000848 0.0000345 0.0004613 -0.0004306 
0.0002879 -0.0001205 -0.0000962 -0.0000604 -0.0000938 -0.0000178 -0.0003303 0.0005075 
-0.0002994 0.0001908 0.0001038 0.0000471 0.0000903 0.0000030 0.0001776 -0.0005634 
0.0002196 -0.0002705 -0.0001135 -0.0000125 -0.0000942 0.0000327 -0.0000658 0.0006111 
-0.0001754 0.0003409 0.0001198 -0.0000102 0.0000885 -0.0000479 -0.0000831 -0.0005832 
0.0000736 -0.0004010 -0.0001130 0.0000351 -0.0000707 0.0000670 0.0001982 0.0005445 
0.0000412 0.0004194 0.0001021 -0.0000696 0.0000582 -0.0000946 -0.0003042 -0.0004945 
-0.0001426 -0.0004132 -0.0000842 0.0000818 -0.0000328 0.0000939 0.0004261 0.0003716 
0.0002283 0.0003667 0.0000576 -0.0001020 0.0000040 -0.0001061 -0.0005068 -0.0002929 
-0.0003268 -0.0003002 -0.0000322 0.0001158 0.0000153 0.0001067 0.0005454 0.0001308 
0.0003797 0.0002421 0.0000146 -0.0001129 -0.0000346 -0.0000910 -0.0005734 0.0000345 
-0.0004474 -0.0001193 0.0000217 0.0001156 0.0000698 0.0000876 0.0005612 -0.0001359 
0.0004863 0.0000424 -0.0000408 -0.0001157 -0.0000799 -0.0000745 -0.0004734 0.0002750 
-0.0004988 0.0000863 0.0000674 0.0000968 0.0000970 0.0000455 0.0003823 -0.0003630 
0.0004997 -0.0002456 -0.0000972 -0.0000835 -0.0001178 -0.0000322 -0.0002831 0.0004054 
-0.0004253 0.0003284 0.0000985 0.0000553 0.0001036 -0.0000045 0.0001423 -0.0005089 
0.0003141 -0.0004388 -0.0001152 -0.0000254 -0.0001123 0.0000320 -0.0000533 0.0005008 
-0.0002091 0.0005155 0.0001212 -0.0000035 0.0001020 -0.0000509 -0.0001241 -0.0004988 
0.0000905 -0.0005136 -0.0001050 0.0000198 -0.0000721 0.0000660 0.0002667 0.0004766 
0.0000296 0.0005655 0.0000987 -0.0000540 0.0000612 -0.0000968 -0.0003247 -0.0003691 
-0.0001383 -0.0005301 -0.0000927 0.0000657 -0.0000440 0.0000987 0.0004344 0.0002518 
0.0002677 0.0005051 0.0000639 -0.0000841 0.0000075 -0.0001063 -0.0004603 -0.0001149 
-0.0004033 -0.0004626 -0.0000538 0.0001072 -0.0000013 0.0001184 0.0004261 -0.0000374 
0.0004607 0.0003480 0.0000173 -0.0000940 -0.0000429 -0.0000893 -0.0004642 0.0001533 
-0.0005552 -0.0002097 0.0000138 0.0001074 0.0000653 0.0000955 0.0003381 -0.0002162 
0.0005748 0.0000995 -0.0000390 -0.0001030 -0.0000747 -0.0000757 -0.0003064 0.0003626 
-0.0005016 0.0000560 0.0000460 0.0000667 0.0000832 0.0000286 0.0002351 -0.0004389 
0.0005627 -0.0001299 -0.0000680 -0.0000643 -0.0001013 -0.0000266 -0.0000556 0.0003984 
-0.0004237 0.0002335 0.0000619 0.0000528 0.0000860 0.0000038 -0.0000873 -0.0004833 
0.0004029 -0.0002958 -0.0000769 -0.0000142 -0.0000894 0.0000351 0.0002418 0.0004151 
-0.0004029 0.0003402 0.0000826 0.0000234 0.0000902 -0.0000145 -0.0004523 -0.0002370 
0.0002878 -0.0004091 -0.0000549 0.0000171 -0.0000477 0.0000671 0.0004394 0.0002248 
-0.0001837 0.0004447 0.0000639 -0.0000373 0.0000556 -0.0000747 -0.0004759 0.0000241 
0.0001196 -0.0005138 -0.0000608 0.0000452 -0.0000336 0.0000666 0.0004942 -0.0000584 
-0.0000081 0.0003657 -0.0000021 -0.0000378 -0.0000289 -0.0000575 -0.0004673 0.0001812 
0.0000315 -0.0004599 -0.0000200 0.0000494 0.0000005 0.0000710 0.0003052 -0.0004578 
