%19-Mar-2019 14:43:59
%Comment: Enter a comment
%--------------------------------------------- 
%                   Setup 
%--------------------------------------------- 
%Number of measurements stored in this file: 1
%Center Frequency: 1.5GHz
%Center Frequency: 1.5GHz
%Number of Averages: 1 
%Start Pos: 0 degrees
%Stop Pos: 0 degrees
%Polarizations in order: VVVHHVHH 
%Columns of real and imaginary data. Col 1 = real, col 2 = imaginary. If more than 2 columns, odd columns are real and even columns are imaginary. 
%Az: 0 ================== 
0.0008382 0.0005014 -0.0005143 -0.0000964 -0.0001970 -0.0004993 -0.0012711 0.0008533 
-0.0016022 -0.0006649 0.0003582 -0.0000745 0.0001632 0.0003565 0.0004578 -0.0013835 
0.0014858 0.0004242 -0.0003315 0.0001960 -0.0002503 -0.0002668 -0.0001060 0.0013054 
-0.0015308 0.0000765 0.0002758 -0.0002327 0.0003122 0.0002325 -0.0002953 -0.0012043 
0.0013316 -0.0003470 -0.0001679 0.0002862 -0.0002992 -0.0001252 0.0005234 0.0009747 
-0.0010482 0.0006195 0.0001140 -0.0003331 0.0003595 0.0000286 -0.0007030 -0.0007055 
0.0006919 -0.0008665 -0.0000365 0.0003126 -0.0003405 0.0000207 0.0008191 0.0004715 
-0.0005560 0.0008959 -0.0000679 -0.0003191 0.0003001 -0.0001324 -0.0007833 -0.0002468 
0.0000370 -0.0007882 0.0001034 0.0003232 -0.0003072 0.0002313 0.0006377 0.0000572 
-0.0000183 0.0009485 -0.0002002 -0.0002253 0.0002041 -0.0002490 -0.0007085 0.0001888 
-0.0001055 -0.0007403 0.0002680 0.0001727 -0.0001141 0.0002978 0.0005752 -0.0003604 
0.0003684 0.0007086 -0.0002754 -0.0001001 0.0000580 -0.0003185 -0.0004247 0.0004852 
-0.0004224 -0.0005866 0.0002958 -0.0000026 0.0000488 0.0002841 0.0002440 -0.0005680 
0.0005252 0.0003184 -0.0002888 0.0000524 -0.0001246 -0.0002907 -0.0000374 0.0005474 
-0.0006428 -0.0001309 0.0002402 -0.0001226 0.0001687 0.0002362 -0.0000958 -0.0005158 
0.0005345 0.0000224 -0.0002110 0.0001935 -0.0002441 -0.0001729 0.0002208 0.0003789 
-0.0004730 0.0003016 0.0001657 -0.0002093 0.0002891 0.0001404 -0.0003484 -0.0001904 
0.0004306 -0.0002334 -0.0000731 0.0002652 -0.0002882 -0.0000331 0.0003504 0.0001759 
-0.0002311 0.0002723 0.0000109 -0.0002865 0.0002944 -0.0000553 -0.0003668 -0.0000422 
0.0001858 -0.0003548 0.0000678 0.0002615 -0.0002664 0.0001156 0.0003581 -0.0000505 
-0.0000854 0.0003072 -0.0001501 -0.0002426 0.0002049 -0.0001996 -0.0003149 0.0001550 
-0.0000991 -0.0003260 0.0001882 0.0001950 -0.0001663 0.0002458 0.0002313 -0.0002584 
0.0001674 0.0003391 -0.0002350 -0.0001225 0.0000852 -0.0002665 -0.0001366 0.0002795 
-0.0001981 -0.0001828 0.0002676 0.0000672 -0.0000060 0.0002955 0.0000001 -0.0003183 
0.0003492 0.0001474 -0.0002518 0.0000019 -0.0000441 -0.0002855 0.0001300 0.0003443 
-0.0002513 -0.0000620 0.0002628 -0.0000852 0.0001395 0.0002511 -0.0001708 -0.0002297 
0.0002428 -0.0001101 -0.0002407 0.0001418 -0.0002119 -0.0002146 0.0002348 0.0001612 
-0.0002320 0.0001171 0.0001826 -0.0002067 0.0002492 0.0001479 -0.0002560 -0.0000872 
0.0001304 -0.0001820 -0.0001332 0.0002594 -0.0002989 -0.0000657 0.0002684 0.0000050 
-0.0001063 0.0002826 0.0000588 -0.0002714 0.0003027 -0.0000015 -0.0002771 0.0000742 
0.0000841 -0.0002479 0.0000252 0.0002838 -0.0002829 0.0000921 0.0002183 -0.0001627 
0.0000766 0.0002636 -0.0000890 -0.0002735 0.0002623 -0.0001649 -0.0001860 0.0002402 
-0.0000491 -0.0003314 0.0001619 0.0002191 -0.0002047 0.0002026 0.0001666 -0.0003024 
0.0001802 0.0001907 -0.0002231 -0.0001960 0.0001388 -0.0002761 0.0000037 0.0002984 
-0.0002983 -0.0001558 0.0002587 0.0001373 -0.0000695 0.0003098 -0.0000837 -0.0002902 
0.0002936 0.0000866 -0.0002932 -0.0000585 -0.0000186 -0.0003099 0.0001652 0.0002322 
-0.0003267 0.0000220 0.0003070 -0.0000091 0.0001054 0.0003124 -0.0002259 -0.0001860 
0.0003579 -0.0000671 -0.0002877 0.0000914 -0.0001713 -0.0002699 0.0002511 0.0001270 
-0.0002819 0.0001208 0.0002637 -0.0001718 0.0002477 0.0002109 -0.0002943 -0.0000358 
0.0002518 -0.0002666 -0.0002159 0.0002253 -0.0002944 -0.0001515 0.0003034 -0.0000205 
-0.0002290 0.0002551 0.0001371 -0.0002782 0.0003079 0.0000626 -0.0002778 0.0000811 
0.0000936 -0.0003452 -0.0000813 0.0003091 -0.0003307 0.0000209 0.0002510 -0.0001915 
-0.0000495 0.0004160 0.0000041 -0.0003140 0.0003190 -0.0000984 -0.0001895 0.0002449 
-0.0000583 -0.0003714 0.0000805 0.0003136 -0.0002762 0.0001824 0.0001096 -0.0002877 
0.0001804 0.0003784 -0.0001459 -0.0002881 0.0002367 -0.0002491 -0.0000308 0.0003023 
-0.0002142 -0.0003546 0.0002203 0.0002374 -0.0001588 0.0002919 -0.0000374 -0.0002837 
0.0002880 0.0002357 -0.0002791 -0.0001837 0.0000755 -0.0003339 0.0001136 0.0002784 
-0.0003917 -0.0001935 0.0003084 0.0001092 0.0000020 0.0003396 -0.0001530 -0.0002436 
0.0003679 0.0001056 -0.0003322 -0.0000201 -0.0000976 -0.0003150 0.0001905 0.0001729 
-0.0004287 0.0000134 0.0003278 -0.0000475 0.0001724 0.0002933 -0.0002519 -0.0001505 
0.0004483 -0.0000817 -0.0002987 0.0001244 -0.0002336 -0.0002418 0.0002673 0.0000834 
-0.0003868 0.0001869 0.0002663 -0.0001966 0.0002912 0.0001707 -0.0002880 -0.0000177 
0.0003410 -0.0002979 -0.0002116 0.0002462 -0.0003231 -0.0001042 0.0002700 -0.0000480 
-0.0002767 0.0003214 0.0001417 -0.0002966 0.0003307 0.0000137 -0.0002421 0.0001047 
0.0001388 -0.0003866 -0.0000724 0.0003248 -0.0003313 0.0000701 0.0002247 -0.0001521 
-0.0000901 0.0004505 -0.0000087 -0.0003262 0.0002992 -0.0001419 -0.0001772 0.0001763 
-0.0000301 -0.0004100 0.0000938 0.0003191 -0.0002449 0.0002201 0.0001164 -0.0002017 
0.0001451 0.0004251 -0.0001567 -0.0002837 0.0001915 -0.0002702 -0.0001031 0.0002263 
-0.0002078 -0.0003911 0.0002181 0.0002298 -0.0001187 0.0003001 0.0000543 -0.0002375 
0.0003009 0.0003059 -0.0002677 -0.0001769 0.0000368 -0.0003231 -0.0000080 0.0002505 
-0.0003849 -0.0002269 0.0002927 0.0001072 0.0000333 0.0003171 -0.0000467 -0.0002351 
0.0003785 0.0001312 -0.0003137 -0.0000324 -0.0001146 -0.0002925 0.0000928 0.0002194 
-0.0004193 0.0000075 0.0003118 -0.0000373 0.0001807 0.0002612 -0.0001269 -0.0002053 
0.0004158 -0.0000635 -0.0002875 0.0001108 -0.0002318 -0.0002040 0.0001568 0.0001684 
-0.0003343 0.0001921 0.0002596 -0.0001786 0.0002827 0.0001344 -0.0001823 -0.0001148 
0.0003097 -0.0002608 -0.0002016 0.0002243 -0.0002985 -0.0000699 0.0002051 0.0001130 
-0.0002387 0.0002971 0.0001363 -0.0002632 0.0002989 -0.0000046 -0.0002250 -0.0000688 
0.0001311 -0.0003416 -0.0000740 0.0002863 -0.0002902 0.0000789 0.0002441 0.0000324 
-0.0000429 0.0003736 0.0000045 -0.0002876 0.0002574 -0.0001372 -0.0002446 0.0000269 
-0.0000580 -0.0003263 0.0000634 0.0002809 -0.0002114 0.0001986 0.0002400 -0.0000793 
0.0001683 0.0003206 -0.0001210 -0.0002560 0.0001617 -0.0002393 -0.0002242 0.0001201 
-0.0001938 -0.0002631 0.0001776 0.0002148 -0.0000951 0.0002646 0.0001932 -0.0001640 
0.0002712 0.0001705 -0.0002232 -0.0001713 0.0000270 -0.0002847 -0.0001517 0.0002021 
-0.0003002 -0.0001151 0.0002493 0.0001080 0.0000356 0.0002763 0.0001214 -0.0002282 
0.0002842 0.0000228 -0.0002653 -0.0000425 -0.0001006 -0.0002538 -0.0000727 0.0002554 
-0.0002798 0.0000725 0.0002645 -0.0000166 0.0001586 0.0002241 0.0000181 -0.0002698 
0.0002564 -0.0001273 -0.0002472 0.0000776 -0.0001993 -0.0001743 0.0000519 0.0002754 
-0.0001777 0.0002052 0.0002218 -0.0001305 0.0002367 0.0001193 -0.0001144 -0.0002600 
0.0001366 -0.0002552 -0.0001835 0.0001721 -0.0002536 -0.0000642 0.0001649 0.0002287 
-0.0000486 0.0002451 0.0001349 -0.0002094 0.0002561 -0.0000007 -0.0002154 -0.0001830 
-0.0000414 -0.0002612 -0.0000863 0.0002334 -0.0002534 0.0000605 0.0002564 0.0001234 
0.0000966 0.0002392 0.0000257 -0.0002412 0.0002265 -0.0001130 -0.0002724 -0.0000676 
-0.0001586 -0.0001718 0.0000335 0.0002394 -0.0001895 0.0001624 0.0002838 0.0000055 
0.0002266 0.0001284 -0.0000833 -0.0002221 0.0001480 -0.0002013 -0.0002731 0.0000573 
-0.0002313 -0.0000779 0.0001310 0.0001926 -0.0000926 0.0002234 0.0002616 -0.0001305 
0.0002656 -0.0000117 -0.0001686 -0.0001574 0.0000365 -0.0002404 -0.0002211 0.0001873 
-0.0002552 0.0000622 0.0001947 0.0001134 0.0000161 0.0002380 0.0001664 -0.0002307 
0.0002062 -0.0001461 -0.0002141 -0.0000642 -0.0000730 -0.0002235 -0.0001065 0.0002663 
-0.0001720 0.0002068 0.0002217 0.0000173 0.0001205 0.0002046 0.0000300 -0.0002872 
0.0001158 -0.0002366 -0.0002164 0.0000352 -0.0001593 -0.0001675 0.0000394 0.0002784 
-0.0000271 0.0002631 0.0002027 -0.0000849 0.0001939 0.0001233 -0.0001010 -0.0002572 
-0.0000295 -0.0002833 -0.0001760 0.0001242 -0.0002159 -0.0000789 0.0001594 0.0002206 
0.0000919 0.0002441 0.0001408 -0.0001596 0.0002227 0.0000232 -0.0002137 -0.0001864 
-0.0001665 -0.0002406 -0.0001021 0.0001844 -0.0002234 0.0000281 0.0002517 0.0001237 
0.0001987 0.0001853 0.0000579 -0.0001984 0.0002074 -0.0000742 -0.0002739 -0.0000531 
-0.0002582 -0.0001228 -0.0000118 0.0002053 -0.0001822 0.0001205 0.0002771 -0.0000120 
0.0002816 0.0000705 -0.0000306 -0.0002014 0.0001541 -0.0001557 -0.0002722 0.0000909 
-0.0002923 -0.0000019 0.0000756 0.0001890 -0.0001117 0.0001830 0.0002365 -0.0001537 
0.0002845 -0.0000843 -0.0001170 -0.0001680 0.0000654 -0.0002030 -0.0001867 0.0002024 
-0.0002774 0.0001322 0.0001479 0.0001378 -0.0000217 0.0002118 0.0001289 -0.0002454 
0.0002153 -0.0001866 -0.0001732 -0.0001003 -0.0000295 -0.0002067 -0.0000759 0.0002664 
-0.0001926 0.0002385 0.0001905 0.0000604 0.0000742 0.0001964 0.0000047 -0.0002792 
0.0001237 -0.0002555 -0.0001960 -0.0000174 -0.0001129 -0.0001718 0.0000663 0.0002741 
-0.0000616 0.0002979 0.0001951 -0.0000258 0.0001491 0.0001405 -0.0001265 -0.0002495 
0.0000059 -0.0003030 -0.0001848 0.0000640 -0.0001736 -0.0001069 0.0001903 0.0002169 
0.0000575 0.0002928 0.0001666 -0.0001034 0.0001891 0.0000637 -0.0002390 -0.0001660 
-0.0001262 -0.0002791 -0.0001412 0.0001384 -0.0001988 -0.0000190 0.0002696 0.0000975 
0.0001680 0.0002570 0.0001082 -0.0001638 0.0001971 -0.0000214 -0.0002915 -0.0000334 
-0.0002237 -0.0001967 -0.0000698 0.0001823 -0.0001849 0.0000669 0.0002809 -0.0000275 
0.0002587 0.0001663 0.0000286 -0.0001934 0.0001667 -0.0001049 -0.0002746 0.0000959 
-0.0002765 -0.0000959 0.0000132 0.0001933 -0.0001373 0.0001363 0.0002491 -0.0001584 
0.0003037 0.0000412 -0.0000544 -0.0001860 0.0001027 -0.0001634 -0.0002057 0.0002099 
-0.0003058 0.0000161 0.0000906 0.0001710 -0.0000675 0.0001792 0.0001603 -0.0002533 
0.0002927 -0.0000722 -0.0001259 -0.0001477 0.0000251 -0.0001867 -0.0000996 0.0002881 
-0.0002790 0.0001404 0.0001558 0.0001191 0.0000167 0.0001879 0.0000257 -0.0003045 
0.0002538 -0.0001764 -0.0001764 -0.0000831 -0.0000539 -0.0001789 0.0000411 0.0003121 
-0.0001914 0.0002376 0.0001896 0.0000427 0.0000937 0.0001613 -0.0001056 -0.0002834 
0.0001559 -0.0002695 -0.0001953 -0.0000008 -0.0001258 -0.0001384 0.0001704 0.0002628 
-0.0000853 0.0002898 0.0001896 -0.0000405 0.0001506 0.0001060 -0.0002252 -0.0002213 
0.0000305 -0.0003117 -0.0001765 0.0000809 -0.0001706 -0.0000699 0.0002704 0.0001649 
0.0000344 0.0003133 0.0001561 -0.0001144 0.0001794 0.0000341 -0.0002996 -0.0001091 
-0.0000913 -0.0002916 -0.0001275 0.0001455 -0.0001799 0.0000073 0.0003236 0.0000414 
0.0001623 0.0002704 0.0000953 -0.0001704 0.0001750 -0.0000460 -0.0003283 0.0000384 
-0.0001953 -0.0002377 -0.0000561 0.0001858 -0.0001598 0.0000794 0.0003195 -0.0001077 
0.0002591 0.0001727 0.0000142 -0.0001931 0.0001385 -0.0001148 -0.0002761 0.0001766 
-0.0002840 -0.0001282 0.0000276 0.0001923 -0.0001119 0.0001413 0.0002378 -0.0002385 
0.0003041 0.0000511 -0.0000679 -0.0001805 0.0000771 -0.0001607 -0.0001811 0.0002841 
-0.0003076 0.0000092 0.0001060 0.0001613 -0.0000400 0.0001744 0.0001096 -0.0003219 
0.0002974 -0.0000838 -0.0001362 -0.0001352 0.0000037 -0.0001770 -0.0000417 0.0003338 
-0.0002630 0.0001313 0.0001613 0.0001021 0.0000360 0.0001723 -0.0000356 -0.0003401 
0.0002290 -0.0001948 -0.0001805 -0.0000670 -0.0000729 -0.0001619 0.0001168 0.0003261 
-0.0001816 0.0002177 0.0001885 0.0000261 0.0001030 0.0001415 -0.0001837 -0.0002947 
0.0001108 -0.0002675 -0.0001895 0.0000166 -0.0001346 -0.0001157 0.0002527 0.0002364 
-0.0000592 0.0002758 0.0001822 -0.0000559 0.0001559 0.0000856 -0.0003007 -0.0001749 
-0.0000149 -0.0002785 -0.0001638 0.0000938 -0.0001699 -0.0000485 0.0003304 0.0001010 
0.0000685 0.0002638 0.0001392 -0.0001276 0.0001778 0.0000101 -0.0003479 -0.0000176 
-0.0001273 -0.0002356 -0.0001084 0.0001517 -0.0001745 0.0000269 0.0003385 -0.0000607 
0.0001702 0.0001871 0.0000719 -0.0001708 0.0001634 -0.0000662 -0.0003130 0.0001369 
-0.0002104 -0.0001407 -0.0000350 0.0001829 -0.0001467 0.0001006 0.0002751 -0.0002088 
0.0002157 0.0000852 -0.0000055 -0.0001836 0.0001204 -0.0001273 -0.0002155 0.0002630 
-0.0002368 -0.0000251 0.0000467 0.0001776 -0.0000902 0.0001540 0.0001391 -0.0003144 
0.0002260 -0.0000241 -0.0000823 -0.0001639 0.0000565 -0.0001697 -0.0000596 0.0003364 
-0.0002103 0.0000769 0.0001158 0.0001397 -0.0000163 0.0001773 -0.0000233 -0.0003358 
0.0001780 -0.0001211 -0.0001437 -0.0001112 -0.0000232 -0.0001791 0.0001074 0.0003199 
-0.0001400 0.0001542 0.0001608 0.0000773 0.0000600 0.0001682 -0.0001807 -0.0002788 
0.0000856 -0.0001783 -0.0001736 -0.0000394 -0.0000979 -0.0001503 0.0002395 0.0002223 
-0.0000461 0.0001901 0.0001774 0.0000026 0.0001288 0.0001269 -0.0002865 -0.0001570 
-0.0000104 -0.0001746 -0.0001715 0.0000362 -0.0001514 -0.0000942 0.0003088 0.0000779 
0.0000503 0.0001760 0.0001596 -0.0000739 0.0001719 0.0000594 -0.0003235 0.0000044 
-0.0000830 -0.0001508 -0.0001403 0.0001045 -0.0001805 -0.0000224 0.0003085 -0.0000844 
0.0001152 0.0001238 0.0001118 -0.0001324 0.0001804 -0.0000197 -0.0002728 0.0001574 
-0.0001372 -0.0000841 -0.0000811 0.0001540 -0.0001741 0.0000593 0.0002246 -0.0002213 
0.0001457 0.0000499 0.0000451 -0.0001642 0.0001548 -0.0000945 -0.0001574 0.0002689 
-0.0001554 -0.0000038 -0.0000073 0.0001707 -0.0001298 0.0001298 0.0000794 -0.0002941 
0.0001496 -0.0000231 -0.0000277 -0.0001674 0.0000996 -0.0001547 -0.0000055 0.0003029 
-0.0001233 0.0000670 0.0000638 0.0001556 -0.0000608 0.0001711 -0.0000719 -0.0002868 
0.0001150 -0.0000890 -0.0000970 -0.0001390 0.0000227 -0.0001834 0.0001413 0.0002627 
-0.0000856 0.0001060 0.0001226 0.0001147 0.0000165 0.0001831 -0.0001994 -0.0002169 
0.0000576 -0.0001188 -0.0001449 -0.0000835 -0.0000583 -0.0001741 0.0002444 0.0001571 
-0.0000251 0.0001307 0.0001602 0.0000514 0.0000958 0.0001590 -0.0002715 -0.0000914 
0.0000006 -0.0001272 -0.0001643 -0.0000146 -0.0001266 -0.0001314 0.0002841 0.0000190 
0.0000407 0.0001295 0.0001649 -0.0000227 0.0001555 0.0000995 -0.0002747 0.0000560 
-0.0000577 -0.0001174 -0.0001554 0.0000550 -0.0001727 -0.0000642 0.0002509 -0.0001170 
0.0000946 0.0000924 0.0001382 -0.0000890 0.0001802 0.0000212 -0.0002079 0.0001734 
-0.0001054 -0.0000812 -0.0001179 0.0001173 -0.0001831 0.0000174 0.0001591 -0.0002139 
0.0001160 0.0000530 0.0000890 -0.0001377 0.0001727 -0.0000556 -0.0001029 0.0002396 
-0.0001233 -0.0000263 -0.0000559 0.0001549 -0.0001547 0.0000943 0.0000395 -0.0002513 
0.0001296 -0.0000067 0.0000223 -0.0001640 0.0001311 -0.0001256 0.0000176 0.0002456 
-0.0001231 0.0000324 0.0000150 0.0001624 -0.0000969 0.0001494 -0.0000739 -0.0002282 
0.0001212 -0.0000625 -0.0000509 -0.0001573 0.0000611 -0.0001695 0.0001276 0.0002020 
-0.0001070 0.0000806 0.0000809 0.0001418 -0.0000231 0.0001768 -0.0001632 -0.0001613 
0.0000821 -0.0001095 -0.0001117 -0.0001195 -0.0000199 -0.0001746 0.0001907 0.0001149 
-0.0000623 0.0001218 0.0001354 0.0000951 0.0000559 0.0001672 -0.0002017 -0.0000677 
0.0000333 -0.0001281 -0.0001503 -0.0000625 -0.0000892 -0.0001475 0.0002006 0.0000214 
0.0000004 0.0001298 0.0001624 0.0000272 0.0001214 0.0001223 -0.0001909 0.0000243 
-0.0000271 -0.0001313 -0.0001647 0.0000069 -0.0001433 -0.0000933 0.0001704 -0.0000596 
0.0000563 0.0001195 0.0001567 -0.0000444 0.0001579 0.0000552 -0.0001451 0.0000886 
-0.0000826 -0.0001125 -0.0001457 0.0000778 -0.0001675 -0.0000190 0.0001214 -0.0001158 
0.0000981 0.0000883 0.0001238 -0.0001051 0.0001642 -0.0000176 -0.0000897 0.0001249 
-0.0001225 -0.0000652 -0.0000972 0.0001317 -0.0001533 0.0000566 0.0000580 -0.0001336 
0.0001255 0.0000345 0.0000687 -0.0001489 0.0001369 -0.0000859 -0.0000310 0.0001305 
-0.0001229 -0.0000035 -0.0000331 0.0001576 -0.0001104 0.0001114 0.0000052 -0.0001210 
0.0001161 -0.0000258 -0.0000031 -0.0001630 0.0000813 -0.0001340 0.0000165 0.0001094 
-0.0001131 0.0000501 0.0000361 0.0001578 -0.0000503 0.0001456 -0.0000290 -0.0000936 
0.0000909 -0.0000723 -0.0000722 -0.0001435 0.0000122 -0.0001502 0.0000360 0.0000788 
-0.0000758 0.0000874 0.0001008 0.0001264 0.0000199 0.0001497 -0.0000436 -0.0000745 
0.0000503 -0.0000906 -0.0001231 -0.0000990 -0.0000515 -0.0001375 0.0000431 0.0000616 
-0.0000269 0.0001020 0.0001431 0.0000689 0.0000834 0.0001200 -0.0000468 -0.0000543 
0.0000011 -0.0000934 -0.0001524 -0.0000383 -0.0001034 -0.0000976 0.0000453 0.0000515 
0.0000228 0.0000809 0.0001539 0.0000022 0.0001198 0.0000681 -0.0000438 -0.0000448 
-0.0000420 -0.0000674 -0.0001517 0.0000314 -0.0001325 -0.0000390 0.0000461 0.0000419 
0.0000478 0.0000580 0.0001392 -0.0000607 0.0001338 0.0000097 -0.0000484 -0.0000431 
-0.0000512 -0.0000331 -0.0001198 0.0000916 -0.0001298 0.0000247 0.0000533 0.0000450 
0.0000487 0.0000255 0.0000986 -0.0001127 0.0001216 -0.0000500 -0.0000712 -0.0000439 
-0.0000403 -0.0000099 -0.0000683 0.0001277 -0.0001034 0.0000745 0.0000783 0.0000434 
0.0000355 0.0000029 0.0000392 -0.0001399 0.0000830 -0.0000980 -0.0000915 -0.0000323 
-0.0000214 0.0000053 -0.0000104 0.0001404 -0.0000585 0.0001085 0.0001069 0.0000181 
0.0000074 -0.0000104 -0.0000221 -0.0001355 0.0000291 -0.0001161 -0.0001131 -0.0000042 
0.0000006 0.0000115 0.0000492 0.0001279 -0.0000032 0.0001207 0.0001193 -0.0000178 
0.0000017 0.0000046 -0.0000713 -0.0001113 -0.0000221 -0.0001145 -0.0001213 0.0000409 
0.0000035 -0.0000166 0.0000945 0.0000908 0.0000505 0.0001052 0.0001195 -0.0000657 
0.0000047 0.0000270 -0.0001073 -0.0000703 -0.0000685 -0.0000926 -0.0001174 0.0000981 
-0.0000115 -0.0000450 0.0001149 0.0000422 0.0000855 0.0000718 0.0001027 -0.0001251 
0.0000224 0.0000458 -0.0001208 -0.0000181 -0.0001018 -0.0000514 -0.0000775 0.0001504 
-0.0000408 -0.0000440 0.0001162 -0.0000045 0.0001052 0.0000280 0.0000485 -0.0001729 
0.0000505 0.0000429 -0.0001091 0.0000300 -0.0001072 -0.0000011 -0.0000138 0.0001814 
-0.0000626 -0.0000259 0.0001006 -0.0000484 0.0001066 -0.0000201 -0.0000292 -0.0001851 
0.0000841 0.0000103 -0.0000853 0.0000637 -0.0000960 0.0000411 0.0000674 0.0001831 
-0.0000929 0.0000081 0.0000690 -0.0000800 0.0000854 -0.0000637 -0.0001069 -0.0001694 
0.0000937 -0.0000364 -0.0000534 0.0000872 -0.0000712 0.0000764 0.0001489 0.0001540 
-0.0000931 0.0000648 0.0000321 -0.0000922 0.0000509 -0.0000888 -0.0001789 -0.0001210 
0.0000791 -0.0000854 -0.0000155 0.0000961 -0.0000331 0.0001001 0.0002089 0.0000794 
-0.0000484 0.0001105 -0.0000007 -0.0000920 0.0000115 -0.0001003 -0.0002303 -0.0000340 
0.0000237 -0.0001154 0.0000197 0.0000884 0.0000123 0.0001005 0.0002315 -0.0000189 
0.0000136 0.0001170 -0.0000325 -0.0000843 -0.0000302 -0.0000981 -0.0002242 0.0000762 
-0.0000439 -0.0001254 0.0000446 0.0000744 0.0000482 0.0000872 0.0002064 -0.0001252 
0.0000695 0.0001098 -0.0000594 -0.0000654 -0.0000680 -0.0000780 -0.0001735 0.0001699 
-0.0001025 -0.0000865 0.0000666 0.0000555 0.0000784 0.0000639 0.0001387 -0.0002087 
0.0001236 0.0000650 -0.0000747 -0.0000400 -0.0000899 -0.0000456 -0.0000873 0.0002341 
-0.0001321 -0.0000250 0.0000821 0.0000284 0.0001001 0.0000302 0.0000294 -0.0002558 
0.0001417 -0.0000162 -0.0000831 -0.0000147 -0.0001012 -0.0000093 0.0000280 0.0002586 
-0.0001217 0.0000518 0.0000859 -0.0000029 0.0001027 -0.0000131 -0.0000932 -0.0002434 
0.0001014 -0.0000937 -0.0000868 0.0000159 -0.0001012 0.0000299 0.0001532 0.0002157 
-0.0000824 0.0001146 0.0000818 -0.0000307 0.0000917 -0.0000486 -0.0001991 -0.0001763 
0.0000415 -0.0001227 -0.0000775 0.0000492 -0.0000847 0.0000692 0.0002369 0.0001218 
-0.0000038 0.0001335 0.0000695 -0.0000608 0.0000712 -0.0000810 -0.0002564 -0.0000666 
-0.0000274 -0.0001287 -0.0000545 0.0000749 -0.0000536 0.0000949 0.0002639 -0.0000008 
0.0000707 0.0001062 0.0000424 -0.0000869 0.0000388 -0.0001071 -0.0002604 0.0000662 
-0.0001020 -0.0000931 -0.0000247 0.0000923 -0.0000161 0.0001110 0.0002389 -0.0001232 
0.0001217 0.0000450 0.0000036 -0.0000988 -0.0000079 -0.0001156 -0.0001971 0.0001844 
-0.0001439 -0.0000092 0.0000141 0.0001007 0.0000265 0.0001153 0.0001482 -0.0002305 
0.0001329 -0.0000236 -0.0000341 -0.0000957 -0.0000493 -0.0001075 -0.0000857 0.0002570 
-0.0001116 0.0000702 0.0000574 0.0000898 0.0000728 0.0001010 0.0000181 -0.0002726 
0.0000933 -0.0001013 -0.0000725 -0.0000780 -0.0000884 -0.0000863 0.0000482 0.0002604 
-0.0000551 0.0001174 0.0000901 0.0000587 0.0001063 0.0000669 -0.0001138 -0.0002400 
0.0000121 -0.0001440 -0.0001027 -0.0000414 -0.0001214 -0.0000497 0.0001691 0.0002067 
0.0000143 0.0001389 0.0001073 0.0000181 0.0001275 0.0000232 -0.0002107 -0.0001562 
-0.0000687 -0.0001305 -0.0001119 0.0000078 -0.0001344 0.0000047 0.0002490 0.0000968 
0.0000964 0.0001208 0.0001090 -0.0000289 0.0001334 -0.0000274 -0.0002657 -0.0000355 
-0.0001256 -0.0000818 -0.0000990 0.0000516 -0.0001246 0.0000552 0.0002615 -0.0000351 
0.0001547 0.0000371 0.0000877 -0.0000751 0.0001162 -0.0000818 -0.0002454 0.0000989 
-0.0001601 -0.0000041 -0.0000701 0.0000893 -0.0000979 0.0001009 0.0002034 -0.0001555 
0.0001469 -0.0000478 0.0000461 -0.0001043 0.0000748 -0.0001215 -0.0001599 0.0002031 
-0.0001477 0.0000907 -0.0000247 0.0001118 -0.0000534 0.0001360 0.0001043 -0.0002315 
0.0001113 -0.0001082 -0.0000015 -0.0001115 0.0000222 -0.0001427 -0.0000411 0.0002429 
-0.0000829 0.0001478 0.0000274 0.0001103 0.0000093 0.0001481 -0.0000179 -0.0002500 
0.0000539 -0.0001558 -0.0000473 -0.0001012 -0.0000354 -0.0001442 0.0000729 0.0002346 
-0.0000017 0.0001625 0.0000672 0.0000861 0.0000659 0.0001316 -0.0001307 -0.0002022 
-0.0000398 -0.0001728 -0.0000855 -0.0000713 -0.0000929 -0.0001198 0.0001726 0.0001649 
0.0000706 0.0001523 0.0000948 0.0000507 0.0001123 0.0000964 -0.0002061 -0.0001103 
-0.0001153 -0.0001224 -0.0001043 -0.0000265 -0.0001316 -0.0000693 0.0002231 0.0000583 
0.0001397 0.0001067 0.0001060 0.0000059 0.0001425 0.0000446 -0.0002205 -0.0000014 
-0.0001479 -0.0000574 -0.0001008 0.0000177 -0.0001461 -0.0000110 0.0002074 -0.0000518 
0.0001671 0.0000267 0.0000961 -0.0000391 0.0001473 -0.0000214 -0.0001880 0.0000920 
-0.0001537 0.0000060 -0.0000842 0.0000544 -0.0001379 0.0000472 0.0001551 -0.0001266 
0.0001464 -0.0000513 0.0000681 -0.0000694 0.0001208 -0.0000762 -0.0001145 0.0001588 
-0.0001477 0.0000788 -0.0000546 0.0000818 -0.0001054 0.0000993 0.0000735 -0.0001736 
0.0001160 -0.0001001 0.0000356 -0.0000872 0.0000783 -0.0001147 -0.0000281 0.0001846 
-0.0000820 0.0001335 -0.0000154 0.0000937 -0.0000499 0.0001284 -0.0000117 -0.0001761 
0.0000689 -0.0001413 -0.0000014 -0.0000928 0.0000253 -0.0001330 0.0000513 0.0001587 
-0.0000178 0.0001410 0.0000210 0.0000877 0.0000067 0.0001310 -0.0000848 -0.0001355 
-0.0000028 -0.0001502 -0.0000383 -0.0000836 -0.0000354 -0.0001273 0.0000996 0.0001105 
0.0000325 0.0001280 0.0000505 0.0000730 0.0000563 0.0001123 -0.0001130 -0.0000791 
-0.0000673 -0.0001188 -0.0000631 -0.0000595 -0.0000793 -0.0000928 0.0001230 0.0000503 
0.0000828 0.0001139 0.0000744 0.0000494 0.0000951 0.0000756 -0.0001218 -0.0000232 
-0.0000967 -0.0000816 -0.0000796 -0.0000326 -0.0001030 -0.0000483 0.0001240 -0.0000012 
0.0001249 0.0000578 0.0000873 0.0000156 0.0001096 0.0000226 -0.0001092 0.0000242 
-0.0001211 -0.0000488 -0.0000884 -0.0000002 -0.0001072 -0.0000021 0.0000953 -0.0000458 
0.0001257 -0.0000034 0.0000852 -0.0000193 0.0000998 -0.0000243 -0.0000811 0.0000596 
-0.0001278 0.0000163 -0.0000831 0.0000358 -0.0000920 0.0000447 0.0000603 -0.0000622 
0.0001060 -0.0000476 0.0000736 -0.0000499 0.0000743 -0.0000579 -0.0000449 0.0000660 
-0.0000967 0.0000739 -0.0000610 0.0000645 -0.0000550 0.0000731 0.0000325 -0.0000687 
0.0000874 -0.0000821 0.0000506 -0.0000776 0.0000393 -0.0000795 -0.0000211 0.0000685 
-0.0000506 0.0000947 -0.0000324 0.0000848 -0.0000156 0.0000802 0.0000122 -0.0000733 
0.0000302 -0.0001217 0.0000137 -0.0000940 -0.0000033 -0.0000800 -0.0000003 0.0000640 
-0.0000208 0.0001071 0.0000054 0.0000954 0.0000180 0.0000720 -0.0000121 -0.0000656 
-0.0000335 -0.0001086 -0.0000279 -0.0000917 -0.0000361 -0.0000611 0.0000232 0.0000620 
0.0000474 0.0001012 0.0000472 0.0000877 0.0000473 0.0000524 -0.0000242 -0.0000480 
-0.0000724 -0.0000723 -0.0000639 -0.0000745 -0.0000523 -0.0000349 0.0000309 0.0000424 
0.0000947 0.0000568 0.0000799 0.0000576 0.0000597 0.0000187 -0.0000368 -0.0000410 
-0.0000864 -0.0000349 -0.0000923 -0.0000419 -0.0000582 -0.0000067 0.0000420 0.0000340 
0.0000892 -0.0000093 0.0000980 0.0000193 0.0000533 -0.0000110 -0.0000501 -0.0000313 
-0.0001050 0.0000224 -0.0001037 0.0000038 -0.0000495 0.0000230 0.0000476 0.0000173 
0.0000714 -0.0000355 0.0001002 -0.0000260 0.0000383 -0.0000305 -0.0000594 -0.0000054 
-0.0000620 0.0000781 -0.0000905 0.0000507 -0.0000270 0.0000410 0.0000562 -0.0000058 
0.0000406 -0.0000795 0.0000800 -0.0000693 0.0000198 -0.0000443 -0.0000444 0.0000144 
-0.0000056 0.0000930 -0.0000599 0.0000846 -0.0000044 0.0000437 0.0000390 -0.0000200 
-0.0000159 -0.0000980 0.0000368 -0.0000962 -0.0000076 -0.0000457 -0.0000363 0.0000267 
0.0000408 0.0000622 -0.0000167 0.0001022 0.0000146 0.0000396 0.0000287 -0.0000322 
-0.0000752 -0.0000483 -0.0000085 -0.0001013 -0.0000271 -0.0000330 -0.0000296 0.0000344 
0.0000717 0.0000454 0.0000321 0.0000987 0.0000341 0.0000280 0.0000130 -0.0000327 
-0.0000746 0.0000109 -0.0000523 -0.0000870 -0.0000362 -0.0000164 -0.0000064 0.0000413 
0.0000899 -0.0000177 0.0000721 0.0000707 0.0000421 0.0000070 -0.0000002 -0.0000369 
-0.0000655 0.0000450 -0.0000848 -0.0000544 -0.0000413 -0.0000023 0.0000068 0.0000242 
0.0000581 -0.0000774 0.0000921 0.0000306 0.0000387 -0.0000110 -0.0000064 -0.0000198 
-0.0000397 0.0000828 -0.0000954 -0.0000061 -0.0000390 0.0000194 0.0000042 0.0000162 
-0.0000124 -0.0000929 0.0000918 -0.0000117 0.0000321 -0.0000232 -0.0000031 -0.0000161 
0.0000343 0.0001050 -0.0000838 0.0000336 -0.0000263 0.0000336 -0.0000022 0.0000273 
-0.0000522 -0.0000675 0.0000743 -0.0000503 0.0000220 -0.0000379 0.0000008 -0.0000176 
0.0001020 0.0000539 -0.0000587 0.0000623 -0.0000118 0.0000388 0.0000065 0.0000261 
-0.0000906 -0.0000297 0.0000415 -0.0000734 0.0000046 -0.0000439 -0.0000063 -0.0000308 
0.0001033 -0.0000111 -0.0000254 0.0000770 -0.0000007 0.0000426 0.0000078 0.0000274 
-0.0001018 0.0000320 0.0000060 -0.0000770 -0.0000112 -0.0000416 -0.0000117 -0.0000372 
0.0000800 -0.0000574 0.0000129 0.0000737 0.0000183 0.0000437 0.0000200 0.0000400 
-0.0000662 0.0001063 -0.0000225 -0.0000659 -0.0000222 -0.0000379 -0.0000370 -0.0000421 
0.0000461 -0.0001089 0.0000359 0.0000565 0.0000335 0.0000345 0.0000594 0.0000420 
0.0000219 0.0001145 -0.0000437 -0.0000476 -0.0000385 -0.0000308 -0.0000616 -0.0000262 
-0.0000422 -0.0001348 0.0000485 0.0000364 0.0000424 0.0000222 0.0000838 0.0000095 
0.0000809 0.0000839 -0.0000537 -0.0000251 -0.0000501 -0.0000160 -0.0000923 0.0000130 
-0.0001168 -0.0000633 0.0000527 0.0000159 0.0000509 0.0000113 0.0000806 -0.0000340 
0.0001182 0.0000279 -0.0000519 -0.0000051 -0.0000532 0.0000020 -0.0000817 0.0000546 
-0.0001256 0.0000226 0.0000505 -0.0000058 0.0000581 -0.0000102 0.0000739 -0.0000762 
0.0001317 -0.0000428 -0.0000461 0.0000093 -0.0000541 0.0000176 -0.0000578 0.0001044 
-0.0000947 0.0000745 0.0000419 -0.0000166 0.0000524 -0.0000324 0.0000380 -0.0001267 
0.0000740 -0.0001352 -0.0000407 0.0000214 -0.0000493 0.0000408 0.0000069 0.0001316 
-0.0000533 0.0001360 0.0000369 -0.0000245 0.0000394 -0.0000485 -0.0000400 -0.0001450 
-0.0000187 -0.0001543 -0.0000336 0.0000327 -0.0000322 0.0000603 0.0000839 0.0001375 
0.0000584 0.0001578 0.0000302 -0.0000351 0.0000252 -0.0000631 -0.0001223 -0.0001057 
-0.0001089 -0.0001224 -0.0000245 0.0000407 -0.0000089 0.0000694 0.0001460 0.0000752 
0.0001532 0.0000900 0.0000160 -0.0000470 -0.0000026 -0.0000761 -0.0001689 -0.0000392 
-0.0001503 -0.0000556 -0.0000121 0.0000492 0.0000147 0.0000723 0.0001847 -0.0000013 
0.0001624 -0.0000075 0.0000034 -0.0000526 -0.0000325 -0.0000718 -0.0001831 0.0000424 
-0.0001823 0.0000408 0.0000064 0.0000575 0.0000454 0.0000676 0.0001691 -0.0001068 
0.0001422 -0.0000810 -0.0000159 -0.0000574 -0.0000566 -0.0000552 -0.0001483 0.0001486 
-0.0001326 0.0001438 0.0000313 0.0000558 0.0000718 0.0000458 0.0001113 -0.0001923 
0.0000939 -0.0001667 -0.0000407 -0.0000526 -0.0000752 -0.0000360 -0.0000472 0.0002215 
-0.0000319 0.0002002 0.0000535 0.0000433 0.0000841 0.0000159 -0.0000144 -0.0002296 
-0.0000179 -0.0002094 -0.0000666 -0.0000297 -0.0000913 -0.0000018 0.0000751 0.0002231 
0.0000730 0.0001763 0.0000705 0.0000187 0.0000860 -0.0000141 -0.0001271 -0.0001993 
-0.0001329 -0.0001553 -0.0000766 -0.0000024 -0.0000862 0.0000355 0.0001713 0.0001605 
0.0001510 0.0001200 0.0000803 -0.0000149 0.0000795 -0.0000505 -0.0002271 -0.0001180 
-0.0001807 -0.0000579 -0.0000756 0.0000309 -0.0000640 0.0000637 0.0002485 0.0000551 
0.0001910 0.0000278 0.0000700 -0.0000519 0.0000530 -0.0000800 -0.0002621 0.0000037 
-0.0001920 0.0000232 -0.0000591 0.0000658 -0.0000394 0.0000838 0.0002596 -0.0000820 
0.0001834 -0.0000684 0.0000421 -0.0000792 0.0000169 -0.0000928 -0.0002327 0.0001578 
-0.0001605 0.0001195 -0.0000204 0.0000931 -0.0000018 0.0001002 0.0001822 -0.0002098 
0.0001045 -0.0001522 0.0000030 -0.0000914 -0.0000167 -0.0000925 -0.0001131 0.0002524 
-0.0000681 0.0001849 0.0000196 0.0000930 0.0000397 0.0000918 0.0000470 -0.0002672 
0.0000158 -0.0001668 -0.0000413 -0.0000896 -0.0000564 -0.0000821 0.0000186 0.0002888 
0.0000468 0.0001676 0.0000588 0.0000770 0.0000705 0.0000649 -0.0000966 -0.0002673 
-0.0000604 -0.0001393 -0.0000796 -0.0000649 -0.0000867 -0.0000533 0.0001516 0.0002332 
0.0000901 0.0001147 0.0000907 0.0000449 0.0000892 0.0000356 -0.0002174 -0.0001980 
-0.0000990 -0.0000941 -0.0000998 -0.0000215 -0.0000988 -0.0000108 0.0002712 0.0001406 
0.0001201 0.0000606 0.0001085 -0.0000042 0.0001042 -0.0000048 -0.0002922 -0.0000534 
-0.0001331 -0.0000290 -0.0001003 0.0000252 -0.0000944 0.0000254 0.0003012 -0.0000379 
0.0001350 -0.0000034 0.0000928 -0.0000506 0.0000909 -0.0000509 -0.0002752 0.0001067 
-0.0001101 0.0000351 -0.0000833 0.0000702 -0.0000791 0.0000675 0.0002423 -0.0001607 
0.0000863 -0.0000661 0.0000618 -0.0000854 0.0000568 -0.0000833 -0.0001906 0.0002286 
-0.0000692 0.0000695 -0.0000467 0.0001019 -0.0000435 0.0000991 0.0001142 -0.0002488 
0.0000430 -0.0000632 0.0000206 -0.0001077 0.0000200 -0.0000983 -0.0000613 0.0002819 
-0.0000229 0.0000561 0.0000053 0.0001110 0.0000072 0.0001056 0.0000025 -0.0002893 
0.0000234 -0.0000575 -0.0000320 -0.0001148 -0.0000256 -0.0001079 0.0000906 0.0002702 
-0.0000121 0.0000677 0.0000541 0.0000988 0.0000492 0.0000927 -0.0001647 -0.0002507 
0.0000031 -0.0000715 -0.0000783 -0.0000841 -0.0000754 -0.0000833 0.0002183 0.0001893 
0.0000142 0.0000624 0.0000942 0.0000708 0.0000921 0.0000662 -0.0002418 -0.0001261 
-0.0000209 -0.0000559 -0.0001070 -0.0000435 -0.0001068 -0.0000346 0.0002674 0.0000648 
0.0000297 0.0000513 0.0001193 0.0000253 0.0001185 0.0000159 -0.0002572 0.0000248 
-0.0000180 -0.0000476 -0.0001194 0.0000040 -0.0001106 0.0000146 0.0002525 -0.0000638 
0.0000226 0.0000329 0.0001181 -0.0000326 0.0001113 -0.0000454 -0.0002182 0.0001049 
-0.0000308 -0.0000629 -0.0001186 0.0000586 -0.0001040 0.0000648 0.0001839 -0.0001747 
0.0000518 0.0000491 0.0000956 -0.0000851 0.0000777 -0.0000916 -0.0001614 0.0002137 
-0.0000791 -0.0000537 -0.0000760 0.0001075 -0.0000612 0.0001140 0.0000830 -0.0002415 
0.0000968 0.0000338 0.0000568 -0.0001196 0.0000336 -0.0001249 -0.0000171 0.0002409 
-0.0001058 -0.0000063 -0.0000221 0.0001321 0.0000083 0.0001351 -0.0000253 -0.0002265 
0.0001226 -0.0000253 0.0000002 -0.0001383 -0.0000333 -0.0001359 0.0001142 0.0002087 
-0.0001102 0.0000332 0.0000333 0.0001335 0.0000700 0.0001167 -0.0001242 -0.0001760 
0.0000804 -0.0000754 -0.0000661 -0.0001259 -0.0001023 -0.0001031 0.0001460 0.0001243 
-0.0001110 0.0000902 0.0000918 0.0001212 0.0001164 0.0000819 -0.0001864 -0.0000969 
0.0000643 -0.0001290 -0.0001220 -0.0000860 -0.0001408 -0.0000408 0.0001827 0.0000826 
-0.0000556 0.0001541 0.0001411 0.0000587 0.0001526 0.0000148 -0.0002131 -0.0000115 
0.0000063 -0.0001828 -0.0001489 -0.0000318 -0.0001543 0.0000224 0.0001905 -0.0000409 
0.0000547 0.0001863 0.0001557 -0.0000114 0.0001496 -0.0000705 -0.0001652 0.0000727 
-0.0001045 -0.0001782 -0.0001523 0.0000369 -0.0001331 0.0000969 0.0001562 -0.0001449 
0.0001428 0.0001388 0.0001383 -0.0000750 0.0000974 -0.0001337 -0.0001020 0.0001396 
-0.0001929 -0.0000910 -0.0001204 0.0001104 -0.0000713 0.0001591 0.0000394 -0.0001503 
0.0001936 0.0000705 0.0001047 -0.0001315 0.0000336 -0.0001607 -0.0000398 0.0001648 
-0.0002161 -0.0000035 -0.0000603 0.0001585 0.0000182 0.0001730 0.0000322 -0.0001318 
0.0002227 -0.0000152 0.0000260 -0.0001734 -0.0000473 -0.0001692 0.0000277 0.0001695 
-0.0002099 0.0000768 0.0000119 0.0001667 0.0000872 0.0001525 -0.0000724 -0.0001469 
0.0002099 -0.0001610 -0.0000605 -0.0001675 -0.0001327 -0.0001372 0.0000952 0.0001025 
-0.0001634 0.0001724 0.0000826 0.0001442 0.0001469 0.0000993 -0.0001542 -0.0001312 
0.0000992 -0.0002384 -0.0001194 -0.0001197 -0.0001795 -0.0000521 0.0001426 0.0000469 
-0.0000395 0.0002728 0.0001501 0.0000897 0.0001896 0.0000165 -0.0001669 0.0000125 
-0.0000155 -0.0002307 -0.0001578 -0.0000673 -0.0001708 0.0000263 0.0001575 -0.0000079 
0.0000610 0.0002573 0.0001764 0.0000149 0.0001664 -0.0000798 -0.0000884 0.0000421 
-0.0000940 -0.0002136 -0.0001809 0.0000253 -0.0001462 0.0001038 0.0001352 -0.0000609 
0.0001458 0.0001917 0.0001535 -0.0000643 0.0001136 -0.0001324 -0.0001107 0.0001057 
-0.0002035 -0.0001782 -0.0001461 0.0001090 -0.0000955 0.0001670 0.0000593 -0.0001442 
0.0002038 0.0001188 0.0001050 -0.0001178 0.0000446 -0.0001594 -0.0000970 0.0001701 
-0.0002542 -0.0000651 -0.0000693 0.0001491 0.0000066 0.0001844 -0.0000213 -0.0001620 
0.0002728 0.0000442 0.0000352 -0.0001653 -0.0000365 -0.0001747 0.0000749 0.0002060 
-0.0001947 0.0000474 -0.0000132 0.0001459 0.0000769 0.0001330 -0.0000890 -0.0001540 
0.0002620 -0.0000458 -0.0000322 -0.0001605 -0.0001203 -0.0001253 0.0001537 0.0000216 
-0.0001538 0.0000820 0.0000610 0.0001500 0.0001210 0.0000850 -0.0001392 -0.0000926 
0.0001646 -0.0000985 -0.0000980 -0.0000999 -0.0001327 -0.0000433 0.0001750 0.0000533 
-0.0001974 0.0000942 0.0001236 0.0001003 0.0001448 0.0000468 -0.0002514 0.0000597 
0.0001491 -0.0001219 -0.0001130 -0.0000413 -0.0001116 0.0000086 0.0001764 0.0000216 
-0.0001498 0.0001394 0.0001257 0.0000064 0.0001301 -0.0000427 -0.0002128 0.0001475 
0.0001958 -0.0002370 -0.0001286 0.0000103 -0.0001134 0.0000509 0.0002357 -0.0001845 
-0.0001520 0.0001367 0.0000706 -0.0000142 0.0000452 -0.0000765 -0.0001500 0.0002568 
0.0002342 -0.0003003 -0.0001066 0.0000432 -0.0000609 0.0001011 -0.0000498 -0.0004232 
