%19-Mar-2019 15:43:12
%Comment: Enter a comment
%--------------------------------------------- 
%                   Setup 
%--------------------------------------------- 
%Number of measurements stored in this file: 1
%Center Frequency: 1.5GHz
%Center Frequency: 1.5GHz
%Number of Averages: 4 
%Start Pos: 0 degrees
%Stop Pos: 0 degrees
%Polarizations in order: VVVHHVHH 
%Columns of real and imaginary data. Col 1 = real, col 2 = imaginary. If more than 2 columns, odd columns are real and even columns are imaginary. 
%Az: 0 ================== 
0.0000001 -0.0000002 0.0000000 0.0000000 -0.0000000 0.0000000 0.0000002 0.0000001 
0.0000002 -0.0000002 -0.0000000 0.0000000 -0.0000000 0.0000000 0.0000000 0.0000002 
0.0000002 -0.0000001 -0.0000000 0.0000000 -0.0000000 -0.0000000 -0.0000000 0.0000001 
0.0000003 0.0000001 -0.0000000 0.0000000 -0.0000000 -0.0000000 -0.0000000 0.0000001 
0.0000002 0.0000002 -0.0000000 -0.0000000 0.0000000 -0.0000000 -0.0000001 0.0000001 
0.0000001 0.0000003 -0.0000000 -0.0000000 0.0000000 -0.0000000 -0.0000002 0.0000001 
-0.0000001 0.0000003 -0.0000000 -0.0000000 0.0000000 -0.0000000 -0.0000003 -0.0000001 
-0.0000002 0.0000002 0.0000000 -0.0000000 0.0000000 -0.0000000 -0.0000002 -0.0000002 
-0.0000003 0.0000001 0.0000000 -0.0000000 0.0000000 0.0000000 0.0000000 -0.0000003 
-0.0000003 -0.0000000 0.0000000 -0.0000000 0.0000000 0.0000000 0.0000001 -0.0000001 
-0.0000003 -0.0000002 0.0000000 0.0000000 0.0000000 0.0000000 0.0000001 -0.0000001 
-0.0000001 -0.0000003 0.0000000 0.0000000 -0.0000000 0.0000000 0.0000001 -0.0000001 
0.0000000 -0.0000003 0.0000000 0.0000000 -0.0000000 0.0000000 0.0000002 -0.0000000 
0.0000001 -0.0000002 0.0000000 0.0000000 -0.0000000 0.0000000 0.0000002 0.0000001 
0.0000002 -0.0000001 -0.0000000 0.0000000 -0.0000000 0.0000000 0.0000001 0.0000002 
0.0000002 -0.0000001 -0.0000000 0.0000000 -0.0000000 -0.0000000 -0.0000000 0.0000001 
0.0000003 0.0000000 -0.0000000 0.0000000 -0.0000000 -0.0000000 -0.0000000 0.0000001 
0.0000002 0.0000002 -0.0000000 -0.0000000 -0.0000000 -0.0000000 -0.0000000 0.0000001 
0.0000001 0.0000003 -0.0000000 -0.0000000 0.0000000 -0.0000000 -0.0000002 0.0000002 
-0.0000001 0.0000003 -0.0000000 -0.0000000 0.0000000 -0.0000000 -0.0000003 0.0000000 
-0.0000002 0.0000002 -0.0000000 -0.0000000 0.0000000 -0.0000000 -0.0000002 -0.0000002 
-0.0000002 0.0000001 0.0000000 -0.0000000 0.0000000 -0.0000000 -0.0000000 -0.0000003 
-0.0000003 -0.0000000 0.0000000 -0.0000000 0.0000000 0.0000000 0.0000002 -0.0000002 
-0.0000002 -0.0000001 0.0000000 0.0000000 0.0000000 0.0000000 0.0000002 -0.0000000 
-0.0000001 -0.0000002 0.0000000 0.0000000 -0.0000000 0.0000000 0.0000001 -0.0000000 
-0.0000000 -0.0000002 0.0000000 0.0000000 -0.0000000 0.0000000 0.0000001 -0.0000000 
0.0000000 -0.0000002 -0.0000000 0.0000000 -0.0000000 0.0000000 0.0000001 0.0000000 
0.0000001 -0.0000002 -0.0000000 0.0000000 -0.0000000 0.0000000 0.0000001 0.0000001 
0.0000001 -0.0000002 -0.0000000 0.0000000 -0.0000000 0.0000000 0.0000000 0.0000001 
0.0000003 -0.0000001 -0.0000000 -0.0000000 -0.0000000 -0.0000000 0.0000000 0.0000001 
0.0000003 0.0000001 -0.0000000 -0.0000000 -0.0000000 -0.0000000 0.0000000 0.0000002 
0.0000003 0.0000003 -0.0000000 -0.0000000 -0.0000000 -0.0000001 -0.0000001 0.0000002 
0.0000001 0.0000004 -0.0000000 -0.0000000 0.0000000 -0.0000001 -0.0000003 0.0000002 
-0.0000001 0.0000004 -0.0000000 -0.0000000 0.0000001 -0.0000000 -0.0000004 -0.0000001 
-0.0000003 0.0000003 0.0000000 -0.0000000 0.0000001 0.0000000 -0.0000002 -0.0000003 
-0.0000004 0.0000001 0.0000000 -0.0000000 0.0000001 0.0000001 0.0000000 -0.0000003 
-0.0000003 -0.0000001 0.0000000 0.0000000 0.0000000 0.0000001 0.0000001 -0.0000002 
-0.0000002 -0.0000003 0.0000000 0.0000000 -0.0000000 0.0000000 0.0000001 -0.0000001 
-0.0000001 -0.0000003 -0.0000000 0.0000000 -0.0000000 0.0000000 0.0000001 -0.0000001 
-0.0000000 -0.0000002 -0.0000000 -0.0000000 -0.0000000 0.0000000 0.0000002 -0.0000000 
0.0000000 -0.0000003 0.0000000 0.0000000 -0.0000000 0.0000000 0.0000002 0.0000001 
0.0000002 -0.0000003 0.0000000 0.0000000 -0.0000000 0.0000000 0.0000001 0.0000002 
0.0000004 -0.0000002 -0.0000000 0.0000000 -0.0000001 -0.0000000 -0.0000000 0.0000002 
0.0000005 0.0000001 -0.0000000 0.0000000 -0.0000000 -0.0000001 -0.0000001 0.0000002 
0.0000004 0.0000004 -0.0000000 0.0000000 0.0000000 -0.0000001 -0.0000002 0.0000002 
0.0000000 0.0000005 -0.0000000 -0.0000000 0.0000000 -0.0000000 -0.0000003 0.0000001 
-0.0000002 0.0000004 -0.0000000 -0.0000000 0.0000000 0.0000000 -0.0000003 -0.0000001 
-0.0000003 0.0000002 0.0000000 -0.0000000 0.0000000 0.0000000 -0.0000002 -0.0000003 
-0.0000003 0.0000001 0.0000000 -0.0000000 0.0000000 0.0000000 -0.0000000 -0.0000003 
-0.0000004 -0.0000001 0.0000000 -0.0000000 0.0000000 0.0000000 0.0000001 -0.0000002 
-0.0000003 -0.0000002 0.0000000 0.0000000 0.0000000 0.0000000 0.0000001 -0.0000001 
-0.0000001 -0.0000004 0.0000000 0.0000000 -0.0000000 0.0000000 0.0000002 -0.0000001 
0.0000001 -0.0000003 0.0000000 0.0000000 -0.0000000 0.0000000 0.0000003 -0.0000001 
0.0000002 -0.0000002 0.0000000 0.0000000 -0.0000000 0.0000000 0.0000003 0.0000001 
0.0000002 -0.0000002 -0.0000000 0.0000000 -0.0000000 0.0000000 0.0000002 0.0000003 
0.0000003 -0.0000001 -0.0000000 0.0000000 -0.0000000 -0.0000000 -0.0000000 0.0000003 
0.0000004 0.0000001 -0.0000000 0.0000000 -0.0000000 -0.0000000 -0.0000001 0.0000002 
0.0000003 0.0000003 -0.0000000 -0.0000000 -0.0000000 -0.0000000 -0.0000001 0.0000002 
0.0000001 0.0000004 -0.0000000 -0.0000000 0.0000000 -0.0000000 -0.0000002 0.0000001 
-0.0000001 0.0000003 -0.0000000 -0.0000000 0.0000000 -0.0000000 -0.0000003 -0.0000000 
-0.0000002 0.0000002 -0.0000000 -0.0000000 0.0000000 -0.0000000 -0.0000003 -0.0000002 
-0.0000003 0.0000002 0.0000000 -0.0000000 0.0000000 -0.0000000 -0.0000001 -0.0000003 
-0.0000003 0.0000001 0.0000000 -0.0000000 0.0000000 0.0000000 0.0000001 -0.0000003 
-0.0000004 -0.0000001 0.0000000 -0.0000000 0.0000000 0.0000001 0.0000002 -0.0000002 
-0.0000002 -0.0000003 0.0000000 0.0000000 -0.0000000 0.0000000 0.0000002 -0.0000001 
-0.0000000 -0.0000004 0.0000000 0.0000000 -0.0000000 0.0000000 0.0000002 -0.0000001 
0.0000001 -0.0000003 0.0000000 0.0000000 -0.0000000 0.0000000 0.0000003 0.0000001 
0.0000002 -0.0000002 -0.0000000 0.0000000 -0.0000000 0.0000000 0.0000002 0.0000002 
0.0000003 -0.0000002 -0.0000000 0.0000000 -0.0000000 0.0000000 0.0000000 0.0000003 
0.0000004 -0.0000000 -0.0000000 0.0000000 -0.0000000 -0.0000000 -0.0000001 0.0000002 
0.0000004 0.0000002 -0.0000000 -0.0000000 -0.0000000 -0.0000001 -0.0000001 0.0000002 
0.0000002 0.0000004 -0.0000000 -0.0000000 0.0000000 -0.0000001 -0.0000002 0.0000002 
-0.0000000 0.0000004 -0.0000000 -0.0000000 0.0000000 -0.0000000 -0.0000003 0.0000001 
-0.0000002 0.0000003 -0.0000000 -0.0000000 0.0000000 -0.0000000 -0.0000003 -0.0000002 
-0.0000003 0.0000002 0.0000000 -0.0000000 0.0000000 -0.0000000 -0.0000002 -0.0000003 
-0.0000004 0.0000001 0.0000000 -0.0000000 0.0000001 0.0000000 0.0000001 -0.0000003 
-0.0000004 -0.0000001 0.0000000 -0.0000000 0.0000000 0.0000000 0.0000001 -0.0000002 
-0.0000003 -0.0000003 0.0000000 0.0000000 0.0000000 0.0000001 0.0000001 -0.0000002 
-0.0000001 -0.0000004 0.0000000 0.0000000 -0.0000000 0.0000000 0.0000002 -0.0000001 
0.0000001 -0.0000004 0.0000000 0.0000000 -0.0000000 0.0000000 0.0000003 -0.0000000 
0.0000002 -0.0000003 0.0000000 0.0000000 -0.0000000 0.0000000 0.0000003 0.0000002 
0.0000003 -0.0000002 -0.0000000 0.0000000 -0.0000000 0.0000000 0.0000001 0.0000003 
0.0000004 -0.0000001 -0.0000000 0.0000000 -0.0000001 -0.0000000 -0.0000001 0.0000003 
0.0000005 0.0000001 -0.0000000 0.0000000 -0.0000000 -0.0000001 -0.0000001 0.0000002 
0.0000003 0.0000004 -0.0000000 -0.0000000 0.0000000 -0.0000001 -0.0000002 0.0000002 
0.0000000 0.0000005 -0.0000000 -0.0000000 0.0000000 -0.0000000 -0.0000003 0.0000001 
-0.0000002 0.0000004 -0.0000000 -0.0000000 0.0000000 -0.0000000 -0.0000004 -0.0000001 
-0.0000003 0.0000003 0.0000000 -0.0000000 0.0000000 -0.0000000 -0.0000003 -0.0000003 
-0.0000004 0.0000001 0.0000000 -0.0000000 0.0000001 -0.0000000 -0.0000000 -0.0000004 
-0.0000004 -0.0000000 0.0000000 -0.0000000 0.0000001 0.0000000 0.0000002 -0.0000003 
-0.0000004 -0.0000003 0.0000000 0.0000000 0.0000000 0.0000001 0.0000002 -0.0000002 
-0.0000002 -0.0000004 0.0000000 0.0000000 -0.0000000 0.0000001 0.0000002 -0.0000001 
0.0000001 -0.0000004 0.0000000 0.0000000 -0.0000000 0.0000000 0.0000003 -0.0000000 
0.0000002 -0.0000003 0.0000000 0.0000000 -0.0000000 0.0000000 0.0000004 0.0000002 
0.0000003 -0.0000002 -0.0000000 0.0000000 -0.0000000 0.0000000 0.0000002 0.0000003 
0.0000004 -0.0000002 -0.0000000 0.0000000 -0.0000001 -0.0000000 -0.0000000 0.0000004 
0.0000005 0.0000001 -0.0000000 0.0000000 -0.0000001 -0.0000000 -0.0000001 0.0000003 
0.0000004 0.0000004 -0.0000000 -0.0000000 -0.0000000 -0.0000001 -0.0000002 0.0000002 
0.0000001 0.0000005 -0.0000000 -0.0000000 0.0000000 -0.0000001 -0.0000004 0.0000002 
-0.0000002 0.0000005 -0.0000000 -0.0000000 0.0000000 -0.0000000 -0.0000005 -0.0000001 
-0.0000003 0.0000003 -0.0000000 -0.0000001 0.0000000 -0.0000000 -0.0000003 -0.0000004 
-0.0000004 0.0000001 0.0000000 -0.0000000 0.0000001 -0.0000000 0.0000000 -0.0000005 
-0.0000004 -0.0000000 0.0000000 -0.0000000 0.0000001 0.0000000 0.0000003 -0.0000003 
-0.0000003 -0.0000002 0.0000001 -0.0000000 0.0000000 0.0000001 0.0000003 -0.0000001 
-0.0000002 -0.0000003 0.0000000 0.0000000 -0.0000000 0.0000001 0.0000002 -0.0000000 
-0.0000000 -0.0000003 0.0000000 0.0000000 -0.0000000 0.0000000 0.0000002 -0.0000001 
-0.0000000 -0.0000002 0.0000000 0.0000000 -0.0000000 0.0000000 0.0000003 0.0000000 
-0.0000000 -0.0000004 -0.0000000 0.0000001 -0.0000000 0.0000000 0.0000003 0.0000002 
0.0000003 -0.0000005 -0.0000000 0.0000001 -0.0000001 0.0000000 0.0000001 0.0000003 
0.0000007 -0.0000003 -0.0000001 0.0000000 -0.0000001 -0.0000000 -0.0000000 0.0000003 
0.0000008 0.0000002 -0.0000001 -0.0000000 -0.0000000 -0.0000001 -0.0000002 0.0000003 
0.0000005 0.0000008 -0.0000001 -0.0000000 0.0000000 -0.0000001 -0.0000003 0.0000003 
-0.0000001 0.0000008 -0.0000000 -0.0000001 0.0000000 -0.0000001 -0.0000005 0.0000000 
-0.0000005 0.0000005 0.0000000 -0.0000001 0.0000000 -0.0000001 -0.0000004 -0.0000003 
-0.0000005 0.0000002 0.0000000 -0.0000001 0.0000001 -0.0000000 -0.0000001 -0.0000005 
-0.0000005 0.0000000 0.0000001 -0.0000000 0.0000001 0.0000000 0.0000002 -0.0000004 
-0.0000005 -0.0000002 0.0000001 0.0000000 0.0000001 0.0000001 0.0000002 -0.0000002 
-0.0000004 -0.0000004 0.0000000 0.0000000 -0.0000000 0.0000001 0.0000001 -0.0000001 
-0.0000001 -0.0000006 0.0000000 0.0000000 -0.0000001 0.0000001 0.0000002 -0.0000002 
0.0000002 -0.0000005 0.0000000 0.0000000 -0.0000000 0.0000000 0.0000004 -0.0000001 
0.0000003 -0.0000003 0.0000000 0.0000000 -0.0000000 0.0000000 0.0000004 0.0000002 
0.0000003 -0.0000003 0.0000000 0.0000001 -0.0000001 0.0000000 0.0000002 0.0000004 
0.0000005 -0.0000002 -0.0000000 0.0000001 -0.0000001 -0.0000000 -0.0000001 0.0000004 
0.0000007 0.0000001 -0.0000001 0.0000000 -0.0000001 -0.0000001 -0.0000002 0.0000003 
0.0000005 0.0000005 -0.0000001 -0.0000000 0.0000000 -0.0000001 -0.0000003 0.0000003 
0.0000001 0.0000007 -0.0000000 -0.0000001 0.0000000 -0.0000001 -0.0000005 0.0000002 
-0.0000003 0.0000006 -0.0000000 -0.0000001 0.0000001 -0.0000000 -0.0000006 -0.0000002 
-0.0000005 0.0000004 0.0000000 -0.0000000 0.0000001 -0.0000000 -0.0000003 -0.0000005 
-0.0000006 0.0000002 0.0000000 -0.0000000 0.0000001 0.0000000 0.0000000 -0.0000005 
-0.0000006 -0.0000001 0.0000000 -0.0000000 0.0000001 0.0000001 0.0000002 -0.0000004 
-0.0000006 -0.0000004 0.0000001 -0.0000000 0.0000000 0.0000001 0.0000002 -0.0000002 
-0.0000003 -0.0000006 0.0000001 0.0000000 -0.0000000 0.0000001 0.0000003 -0.0000002 
0.0000001 -0.0000006 0.0000000 0.0000000 -0.0000000 0.0000000 0.0000005 -0.0000001 
0.0000003 -0.0000005 0.0000000 0.0000001 -0.0000000 0.0000000 0.0000005 0.0000003 
0.0000004 -0.0000004 -0.0000000 0.0000001 -0.0000001 0.0000000 0.0000002 0.0000005 
0.0000006 -0.0000002 -0.0000000 0.0000001 -0.0000001 -0.0000000 -0.0000001 0.0000005 
0.0000007 0.0000001 -0.0000001 0.0000000 -0.0000001 -0.0000001 -0.0000002 0.0000003 
0.0000006 0.0000006 -0.0000001 -0.0000000 -0.0000000 -0.0000001 -0.0000002 0.0000003 
0.0000001 0.0000008 -0.0000001 -0.0000000 0.0000000 -0.0000001 -0.0000004 0.0000003 
-0.0000003 0.0000007 -0.0000000 -0.0000001 0.0000000 -0.0000000 -0.0000006 -0.0000000 
-0.0000004 0.0000004 -0.0000000 -0.0000001 0.0000001 -0.0000000 -0.0000006 -0.0000005 
-0.0000005 0.0000003 0.0000000 -0.0000001 0.0000001 -0.0000000 -0.0000001 -0.0000007 
-0.0000007 0.0000000 0.0000001 -0.0000000 0.0000001 0.0000000 0.0000003 -0.0000005 
-0.0000007 -0.0000003 0.0000001 -0.0000000 0.0000001 0.0000001 0.0000003 -0.0000003 
-0.0000004 -0.0000006 0.0000001 0.0000000 -0.0000000 0.0000001 0.0000003 -0.0000002 
0.0000000 -0.0000007 0.0000001 0.0000001 -0.0000000 0.0000001 0.0000004 -0.0000001 
0.0000003 -0.0000005 0.0000000 0.0000001 -0.0000000 0.0000001 0.0000006 0.0000001 
0.0000003 -0.0000004 -0.0000000 0.0000001 -0.0000001 0.0000000 0.0000004 0.0000005 
0.0000005 -0.0000003 -0.0000000 0.0000001 -0.0000001 0.0000000 0.0000001 0.0000006 
0.0000008 -0.0000001 -0.0000001 0.0000000 -0.0000001 -0.0000001 -0.0000002 0.0000005 
0.0000008 0.0000004 -0.0000001 -0.0000000 -0.0000000 -0.0000001 -0.0000003 0.0000004 
0.0000005 0.0000008 -0.0000001 -0.0000000 0.0000000 -0.0000001 -0.0000005 0.0000003 
-0.0000001 0.0000009 -0.0000001 -0.0000001 0.0000000 -0.0000001 -0.0000007 0.0000001 
-0.0000004 0.0000007 -0.0000000 -0.0000001 0.0000001 -0.0000001 -0.0000007 -0.0000004 
-0.0000006 0.0000004 0.0000000 -0.0000001 0.0000001 -0.0000000 -0.0000003 -0.0000007 
-0.0000007 0.0000002 0.0000001 -0.0000001 0.0000001 0.0000000 0.0000002 -0.0000006 
-0.0000008 -0.0000002 0.0000001 -0.0000000 0.0000001 0.0000001 0.0000003 -0.0000003 
-0.0000006 -0.0000006 0.0000001 0.0000000 0.0000000 0.0000001 0.0000003 -0.0000003 
-0.0000002 -0.0000008 0.0000000 0.0000001 -0.0000000 0.0000001 0.0000004 -0.0000003 
0.0000001 -0.0000007 0.0000000 0.0000000 -0.0000000 0.0000001 0.0000007 -0.0000001 
0.0000003 -0.0000006 0.0000000 0.0000001 -0.0000001 0.0000001 0.0000007 0.0000005 
0.0000005 -0.0000005 -0.0000000 0.0000001 -0.0000001 0.0000000 0.0000003 0.0000008 
0.0000009 -0.0000003 -0.0000001 0.0000001 -0.0000002 -0.0000000 -0.0000002 0.0000008 
0.0000010 0.0000003 -0.0000001 0.0000000 -0.0000001 -0.0000001 -0.0000004 0.0000006 
0.0000006 0.0000008 -0.0000001 -0.0000000 -0.0000000 -0.0000002 -0.0000006 0.0000004 
0.0000001 0.0000008 -0.0000001 -0.0000001 0.0000001 -0.0000001 -0.0000008 0.0000001 
-0.0000001 0.0000006 -0.0000000 -0.0000001 0.0000001 -0.0000001 -0.0000008 -0.0000004 
-0.0000001 0.0000007 -0.0000000 -0.0000001 0.0000001 -0.0000001 -0.0000004 -0.0000007 
-0.0000005 0.0000008 0.0000000 -0.0000001 0.0000001 -0.0000000 -0.0000000 -0.0000008 
-0.0000010 0.0000006 0.0000001 -0.0000001 0.0000001 0.0000001 0.0000001 -0.0000007 
-0.0000012 -0.0000000 0.0000001 -0.0000000 0.0000001 0.0000001 0.0000004 -0.0000007 
-0.0000011 -0.0000004 0.0000001 0.0000000 0.0000000 0.0000001 0.0000009 -0.0000007 
-0.0000012 -0.0000008 0.0000001 0.0000000 -0.0000000 0.0000002 0.0000015 -0.0000001 
-0.0000011 -0.0000020 0.0000002 0.0000001 -0.0000001 0.0000002 0.0000013 0.0000011 
0.0000006 -0.0000033 0.0000001 0.0000003 -0.0000002 0.0000001 0.0000003 0.0000018 
0.0000037 -0.0000024 -0.0000002 0.0000004 -0.0000002 -0.0000000 -0.0000010 0.0000016 
0.0000050 0.0000016 -0.0000004 0.0000002 -0.0000002 -0.0000001 -0.0000018 0.0000005 
0.0000017 0.0000054 -0.0000005 -0.0000002 -0.0000001 -0.0000001 -0.0000017 -0.0000008 
-0.0000039 0.0000042 -0.0000001 -0.0000005 -0.0000002 -0.0000002 -0.0000006 -0.0000020 
-0.0000053 -0.0000019 0.0000003 -0.0000004 -0.0000000 -0.0000005 0.0000014 -0.0000020 
0.0000003 -0.0000060 0.0000005 -0.0000000 0.0000005 -0.0000006 0.0000029 0.0000002 
0.0000071 -0.0000020 0.0000003 0.0000004 0.0000010 -0.0000000 0.0000017 0.0000034 
0.0000062 0.0000073 -0.0000001 0.0000004 0.0000008 0.0000010 -0.0000028 0.0000042 
-0.0000038 0.0000115 -0.0000003 0.0000001 -0.0000004 0.0000014 -0.0000065 -0.0000002 
-0.0000140 0.0000043 -0.0000003 -0.0000002 -0.0000016 0.0000005 -0.0000043 -0.0000069 
-0.0000138 -0.0000095 -0.0000000 -0.0000003 -0.0000014 -0.0000013 0.0000039 -0.0000089 
-0.0000021 -0.0000181 0.0000002 -0.0000003 0.0000006 -0.0000020 0.0000107 -0.0000022 
0.0000123 -0.0000146 0.0000004 -0.0000003 0.0000023 -0.0000005 0.0000086 0.0000080 
0.0000195 -0.0000019 0.0000008 0.0000001 0.0000018 0.0000020 -0.0000015 0.0000118 
0.0000160 0.0000120 0.0000007 0.0000009 -0.0000009 0.0000029 -0.0000101 0.0000055 
0.0000042 0.0000201 -0.0000003 0.0000016 -0.0000033 0.0000009 -0.0000093 -0.0000046 
-0.0000105 0.0000187 -0.0000019 0.0000011 -0.0000029 -0.0000025 -0.0000012 -0.0000088 
-0.0000215 0.0000071 -0.0000026 -0.0000009 0.0000004 -0.0000041 0.0000055 -0.0000046 
-0.0000215 -0.0000102 -0.0000012 -0.0000031 0.0000037 -0.0000021 0.0000051 0.0000020 
-0.0000080 -0.0000233 0.0000020 -0.0000033 0.0000039 0.0000017 0.0000001 0.0000042 
0.0000118 -0.0000219 0.0000042 -0.0000005 0.0000009 0.0000041 -0.0000033 0.0000012 
0.0000238 -0.0000056 0.0000031 0.0000033 -0.0000026 0.0000029 -0.0000022 -0.0000025 
0.0000188 0.0000137 -0.0000009 0.0000046 -0.0000035 -0.0000004 0.0000010 -0.0000032 
0.0000014 0.0000213 -0.0000043 0.0000019 -0.0000014 -0.0000028 0.0000030 -0.0000010 
-0.0000138 0.0000129 -0.0000039 -0.0000026 0.0000016 -0.0000022 0.0000026 0.0000014 
-0.0000159 -0.0000020 0.0000002 -0.0000045 0.0000023 0.0000004 0.0000008 0.0000023 
-0.0000072 -0.0000109 0.0000038 -0.0000020 0.0000005 0.0000022 -0.0000004 0.0000017 
0.0000024 -0.0000098 0.0000035 0.0000023 -0.0000019 0.0000012 -0.0000005 0.0000009 
0.0000060 -0.0000042 -0.0000004 0.0000042 -0.0000020 -0.0000013 -0.0000001 0.0000013 
0.0000053 -0.0000006 -0.0000039 0.0000016 0.0000001 -0.0000026 -0.0000012 0.0000023 
0.0000049 0.0000008 -0.0000033 -0.0000027 0.0000024 -0.0000013 -0.0000039 0.0000016 
0.0000056 0.0000036 0.0000007 -0.0000043 0.0000025 0.0000013 -0.0000053 -0.0000021 
0.0000032 0.0000086 0.0000041 -0.0000016 0.0000004 0.0000027 -0.0000026 -0.0000064 
-0.0000046 0.0000111 0.0000034 0.0000027 -0.0000019 0.0000018 0.0000033 -0.0000070 
-0.0000137 0.0000054 -0.0000006 0.0000041 -0.0000023 -0.0000004 0.0000075 -0.0000022 
-0.0000155 -0.0000074 -0.0000037 0.0000014 -0.0000009 -0.0000019 0.0000062 0.0000038 
-0.0000056 -0.0000186 -0.0000028 -0.0000026 0.0000010 -0.0000016 0.0000012 0.0000059 
0.0000111 -0.0000180 0.0000012 -0.0000035 0.0000018 -0.0000001 -0.0000022 0.0000038 
0.0000222 -0.0000037 0.0000037 -0.0000003 0.0000010 0.0000015 -0.0000024 0.0000016 
0.0000177 0.0000151 0.0000018 0.0000036 -0.0000009 0.0000018 -0.0000025 0.0000012 
-0.0000006 0.0000234 -0.0000028 0.0000034 -0.0000023 0.0000003 -0.0000042 -0.0000002 
-0.0000187 0.0000134 -0.0000048 -0.0000012 -0.0000019 -0.0000021 -0.0000037 -0.0000045 
-0.0000208 -0.0000073 -0.0000013 -0.0000053 0.0000008 -0.0000032 0.0000024 -0.0000073 
-0.0000044 -0.0000203 0.0000044 -0.0000041 0.0000035 -0.0000013 0.0000096 -0.0000017 
0.0000152 -0.0000128 0.0000062 0.0000020 0.0000035 0.0000024 0.0000076 0.0000100 
0.0000179 0.0000085 0.0000014 0.0000067 0.0000000 0.0000045 -0.0000066 0.0000149 
-0.0000009 0.0000212 -0.0000052 0.0000048 -0.0000039 0.0000027 -0.0000207 0.0000027 
-0.0000225 0.0000090 -0.0000068 -0.0000022 -0.0000045 -0.0000018 -0.0000171 -0.0000196 
-0.0000215 -0.0000187 -0.0000016 -0.0000070 -0.0000009 -0.0000047 0.0000072 -0.0000303 
0.0000065 -0.0000327 0.0000051 -0.0000048 0.0000033 -0.0000032 0.0000331 -0.0000143 
0.0000358 -0.0000133 0.0000065 0.0000018 0.0000043 0.0000009 0.0000352 0.0000195 
0.0000342 0.0000256 0.0000017 0.0000061 0.0000015 0.0000038 0.0000070 0.0000426 
-0.0000026 0.0000465 -0.0000038 0.0000043 -0.0000021 0.0000031 -0.0000299 0.0000334 
-0.0000425 0.0000254 -0.0000049 -0.0000006 -0.0000034 0.0000003 -0.0000447 -0.0000023 
-0.0000467 -0.0000214 -0.0000019 -0.0000034 -0.0000022 -0.0000021 -0.0000253 -0.0000347 
-0.0000092 -0.0000511 0.0000009 -0.0000026 -0.0000002 -0.0000028 0.0000102 -0.0000379 
0.0000360 -0.0000364 0.0000013 -0.0000012 0.0000016 -0.0000024 0.0000309 -0.0000134 
0.0000483 0.0000078 0.0000013 -0.0000012 0.0000032 -0.0000010 0.0000231 0.0000128 
0.0000204 0.0000404 0.0000029 -0.0000009 0.0000038 0.0000017 0.0000020 0.0000176 
-0.0000181 0.0000356 0.0000043 0.0000022 0.0000018 0.0000049 -0.0000067 0.0000044 
-0.0000327 0.0000056 0.0000014 0.0000067 -0.0000032 0.0000057 0.0000030 -0.0000031 
-0.0000180 -0.0000172 -0.0000059 0.0000068 -0.0000078 0.0000014 0.0000113 0.0000087 
0.0000022 -0.0000154 -0.0000110 -0.0000009 -0.0000070 -0.0000063 -0.0000022 0.0000244 
0.0000050 -0.0000017 -0.0000069 -0.0000112 0.0000009 -0.0000109 -0.0000294 0.0000169 
-0.0000062 0.0000000 0.0000057 -0.0000140 0.0000105 -0.0000067 -0.0000382 -0.0000175 
-0.0000085 -0.0000150 0.0000165 -0.0000042 0.0000132 0.0000049 -0.0000091 -0.0000473 
0.0000111 -0.0000259 0.0000145 0.0000118 0.0000045 0.0000149 0.0000363 -0.0000377 
0.0000368 -0.0000101 -0.0000008 0.0000201 -0.0000099 0.0000138 0.0000535 0.0000087 
0.0000382 0.0000274 -0.0000174 0.0000122 -0.0000183 0.0000006 0.0000226 0.0000489 
0.0000033 0.0000538 -0.0000209 -0.0000066 -0.0000123 -0.0000149 -0.0000273 0.0000437 
-0.0000431 0.0000397 -0.0000077 -0.0000208 0.0000044 -0.0000198 -0.0000475 0.0000001 
-0.0000602 -0.0000089 0.0000116 -0.0000187 0.0000187 -0.0000090 -0.0000215 -0.0000364 
-0.0000303 -0.0000521 0.0000212 -0.0000025 0.0000189 0.0000092 0.0000190 -0.0000313 
0.0000212 -0.0000530 0.0000144 0.0000142 0.0000045 0.0000203 0.0000311 0.0000033 
0.0000496 -0.0000136 -0.0000018 0.0000186 -0.0000126 0.0000157 0.0000073 0.0000261 
0.0000341 0.0000276 -0.0000140 0.0000095 -0.0000191 0.0000000 -0.0000203 0.0000143 
-0.0000037 0.0000349 -0.0000143 -0.0000040 -0.0000112 -0.0000137 -0.0000201 -0.0000140 
-0.0000246 0.0000097 -0.0000055 -0.0000115 0.0000032 -0.0000156 0.0000050 -0.0000247 
-0.0000125 -0.0000155 0.0000040 -0.0000100 0.0000123 -0.0000066 0.0000250 -0.0000071 
0.0000124 -0.0000132 0.0000082 -0.0000035 0.0000110 0.0000043 0.0000190 0.0000180 
0.0000186 0.0000105 0.0000069 0.0000025 0.0000033 0.0000090 -0.0000044 0.0000251 
-0.0000020 0.0000263 0.0000031 0.0000055 -0.0000034 0.0000067 -0.0000213 0.0000102 
-0.0000275 0.0000144 -0.0000012 0.0000057 -0.0000054 0.0000019 -0.0000188 -0.0000094 
-0.0000307 -0.0000157 -0.0000045 0.0000033 -0.0000041 -0.0000015 -0.0000041 -0.0000175 
-0.0000065 -0.0000359 -0.0000055 -0.0000009 -0.0000020 -0.0000029 0.0000085 -0.0000122 
0.0000246 -0.0000279 -0.0000029 -0.0000048 -0.0000001 -0.0000032 0.0000119 -0.0000019 
0.0000366 0.0000017 0.0000019 -0.0000053 0.0000019 -0.0000027 0.0000078 0.0000058 
0.0000208 0.0000287 0.0000054 -0.0000015 0.0000034 -0.0000006 0.0000008 0.0000079 
-0.0000091 0.0000325 0.0000042 0.0000035 0.0000028 0.0000023 -0.0000048 0.0000042 
-0.0000297 0.0000119 -0.0000007 0.0000052 -0.0000001 0.0000037 -0.0000049 -0.0000022 
-0.0000259 -0.0000157 -0.0000046 0.0000020 -0.0000030 0.0000021 0.0000010 -0.0000055 
-0.0000023 -0.0000288 -0.0000038 -0.0000028 -0.0000032 -0.0000012 0.0000070 -0.0000009 
0.0000213 -0.0000179 0.0000007 -0.0000044 -0.0000007 -0.0000032 0.0000052 0.0000079 
0.0000263 0.0000069 0.0000040 -0.0000013 0.0000021 -0.0000021 -0.0000050 0.0000107 
0.0000097 0.0000249 0.0000027 0.0000030 0.0000025 0.0000006 -0.0000137 0.0000022 
-0.0000141 0.0000222 -0.0000017 0.0000038 0.0000006 0.0000022 -0.0000106 -0.0000107 
-0.0000256 0.0000023 -0.0000044 0.0000001 -0.0000014 0.0000013 0.0000024 -0.0000151 
-0.0000170 -0.0000178 -0.0000022 -0.0000042 -0.0000015 -0.0000008 0.0000130 -0.0000066 
0.0000028 -0.0000231 0.0000028 -0.0000042 0.0000003 -0.0000016 0.0000115 0.0000059 
0.0000180 -0.0000119 0.0000054 0.0000002 0.0000017 -0.0000003 0.0000015 0.0000106 
0.0000188 0.0000053 0.0000028 0.0000049 0.0000012 0.0000017 -0.0000061 0.0000054 
0.0000075 0.0000156 -0.0000026 0.0000051 -0.0000010 0.0000021 -0.0000053 -0.0000019 
-0.0000059 0.0000139 -0.0000056 0.0000007 -0.0000026 0.0000003 0.0000001 -0.0000038 
-0.0000123 0.0000040 -0.0000036 -0.0000041 -0.0000019 -0.0000021 0.0000031 -0.0000002 
-0.0000092 -0.0000058 0.0000013 -0.0000048 0.0000007 -0.0000028 0.0000012 0.0000032 
-0.0000010 -0.0000091 0.0000042 -0.0000014 0.0000027 -0.0000011 -0.0000025 0.0000031 
0.0000057 -0.0000051 0.0000030 0.0000024 0.0000023 0.0000015 -0.0000044 0.0000000 
0.0000063 0.0000018 -0.0000005 0.0000032 0.0000000 0.0000025 -0.0000033 -0.0000032 
0.0000015 0.0000057 -0.0000025 0.0000010 -0.0000018 0.0000012 -0.0000003 -0.0000047 
-0.0000040 0.0000039 -0.0000016 -0.0000014 -0.0000017 -0.0000008 0.0000030 -0.0000038 
-0.0000053 -0.0000013 0.0000004 -0.0000017 -0.0000001 -0.0000015 0.0000047 -0.0000008 
-0.0000019 -0.0000050 0.0000014 -0.0000002 0.0000011 -0.0000007 0.0000037 0.0000026 
0.0000027 -0.0000043 0.0000007 0.0000010 0.0000009 0.0000006 0.0000007 0.0000040 
0.0000045 -0.0000005 -0.0000004 0.0000009 -0.0000001 0.0000009 -0.0000019 0.0000026 
0.0000027 0.0000027 -0.0000008 0.0000000 -0.0000007 0.0000002 -0.0000023 0.0000003 
-0.0000002 0.0000030 -0.0000003 -0.0000005 -0.0000005 -0.0000004 -0.0000010 -0.0000007 
-0.0000017 0.0000012 0.0000002 -0.0000003 0.0000001 -0.0000005 -0.0000002 -0.0000003 
-0.0000011 -0.0000003 0.0000002 -0.0000000 0.0000003 -0.0000002 -0.0000005 0.0000002 
-0.0000001 -0.0000003 0.0000000 0.0000001 0.0000002 0.0000001 -0.0000010 -0.0000003 
0.0000001 0.0000004 -0.0000000 -0.0000000 0.0000001 0.0000001 -0.0000006 -0.0000011 
-0.0000006 0.0000006 0.0000000 -0.0000001 0.0000001 0.0000000 0.0000003 -0.0000011 
-0.0000011 -0.0000000 0.0000001 -0.0000000 0.0000001 0.0000001 0.0000007 -0.0000006 
-0.0000008 -0.0000008 0.0000001 0.0000000 0.0000000 0.0000001 0.0000006 -0.0000002 
-0.0000002 -0.0000010 0.0000000 0.0000001 -0.0000001 0.0000001 0.0000005 -0.0000001 
0.0000003 -0.0000008 0.0000000 0.0000001 -0.0000001 0.0000000 0.0000007 0.0000000 
0.0000004 -0.0000006 0.0000000 0.0000001 -0.0000001 0.0000000 0.0000007 0.0000005 
0.0000006 -0.0000004 -0.0000000 0.0000001 -0.0000001 0.0000000 0.0000003 0.0000008 
0.0000009 -0.0000001 -0.0000001 0.0000000 -0.0000001 -0.0000000 -0.0000002 0.0000007 
0.0000009 0.0000004 -0.0000001 0.0000000 -0.0000001 -0.0000001 -0.0000004 0.0000005 
0.0000005 0.0000008 -0.0000001 -0.0000000 0.0000000 -0.0000001 -0.0000004 0.0000003 
0.0000000 0.0000009 -0.0000001 -0.0000000 0.0000001 -0.0000001 -0.0000006 0.0000002 
-0.0000003 0.0000007 -0.0000000 -0.0000001 0.0000001 -0.0000000 -0.0000007 -0.0000002 
-0.0000005 0.0000005 0.0000000 -0.0000001 0.0000001 -0.0000000 -0.0000005 -0.0000006 
-0.0000007 0.0000003 0.0000000 -0.0000001 0.0000001 0.0000000 -0.0000001 -0.0000007 
-0.0000008 -0.0000001 0.0000001 -0.0000000 0.0000001 0.0000001 0.0000001 -0.0000005 
-0.0000007 -0.0000005 0.0000001 0.0000000 0.0000000 0.0000001 0.0000002 -0.0000004 
-0.0000004 -0.0000008 0.0000001 0.0000000 -0.0000000 0.0000001 0.0000004 -0.0000004 
0.0000001 -0.0000008 0.0000000 0.0000001 -0.0000000 0.0000000 0.0000007 -0.0000002 
0.0000004 -0.0000007 0.0000000 0.0000001 -0.0000000 0.0000000 0.0000007 0.0000003 
0.0000006 -0.0000005 -0.0000000 0.0000001 -0.0000001 0.0000000 0.0000004 0.0000006 
0.0000009 -0.0000002 -0.0000001 0.0000000 -0.0000001 -0.0000000 -0.0000000 0.0000006 
0.0000009 0.0000003 -0.0000001 0.0000000 -0.0000001 -0.0000001 -0.0000002 0.0000004 
0.0000005 0.0000008 -0.0000001 0.0000000 0.0000000 -0.0000001 -0.0000003 0.0000004 
-0.0000000 0.0000008 -0.0000001 -0.0000000 0.0000000 -0.0000001 -0.0000004 0.0000003 
-0.0000004 0.0000006 -0.0000001 -0.0000000 0.0000000 -0.0000000 -0.0000006 0.0000000 
-0.0000005 0.0000003 -0.0000000 -0.0000001 0.0000000 -0.0000000 -0.0000006 -0.0000004 
-0.0000005 0.0000002 0.0000000 -0.0000001 0.0000001 -0.0000000 -0.0000002 -0.0000006 
-0.0000006 0.0000000 0.0000001 -0.0000001 0.0000001 0.0000000 0.0000000 -0.0000005 
-0.0000006 -0.0000003 0.0000001 -0.0000000 0.0000000 0.0000001 0.0000002 -0.0000004 
-0.0000004 -0.0000006 0.0000001 0.0000000 0.0000000 0.0000001 0.0000003 -0.0000004 
-0.0000000 -0.0000007 0.0000001 0.0000000 -0.0000000 0.0000001 0.0000005 -0.0000002 
0.0000002 -0.0000005 0.0000000 0.0000001 -0.0000000 0.0000000 0.0000006 0.0000001 
0.0000004 -0.0000004 -0.0000000 0.0000001 -0.0000001 0.0000000 0.0000004 0.0000005 
0.0000005 -0.0000003 -0.0000000 0.0000001 -0.0000001 0.0000000 0.0000001 0.0000005 
0.0000007 0.0000000 -0.0000001 0.0000000 -0.0000001 -0.0000000 -0.0000001 0.0000004 
0.0000006 0.0000004 -0.0000001 0.0000000 -0.0000000 -0.0000001 -0.0000002 0.0000004 
0.0000003 0.0000007 -0.0000001 -0.0000000 0.0000000 -0.0000001 -0.0000004 0.0000003 
-0.0000002 0.0000007 -0.0000000 -0.0000001 0.0000000 -0.0000001 -0.0000006 0.0000001 
-0.0000004 0.0000004 -0.0000000 -0.0000001 0.0000000 -0.0000000 -0.0000005 -0.0000003 
-0.0000005 0.0000002 0.0000000 -0.0000001 0.0000001 -0.0000000 -0.0000003 -0.0000005 
-0.0000005 0.0000000 0.0000000 -0.0000000 0.0000001 0.0000000 -0.0000000 -0.0000004 
-0.0000005 -0.0000001 0.0000000 -0.0000000 0.0000001 0.0000001 0.0000000 -0.0000003 
-0.0000005 -0.0000004 0.0000000 0.0000000 -0.0000000 0.0000001 0.0000001 -0.0000004 
-0.0000002 -0.0000006 0.0000000 0.0000000 -0.0000000 0.0000001 0.0000004 -0.0000004 
0.0000002 -0.0000006 0.0000000 0.0000001 -0.0000000 0.0000000 0.0000007 -0.0000001 
0.0000005 -0.0000004 0.0000000 0.0000001 -0.0000000 0.0000000 0.0000006 0.0000004 
0.0000006 -0.0000002 -0.0000000 0.0000001 -0.0000001 0.0000000 0.0000002 0.0000006 
0.0000005 0.0000001 -0.0000001 0.0000000 -0.0000001 -0.0000000 -0.0000001 0.0000005 
0.0000004 0.0000003 -0.0000001 0.0000000 -0.0000000 -0.0000001 -0.0000003 0.0000003 
0.0000002 0.0000004 -0.0000000 -0.0000000 0.0000000 -0.0000001 -0.0000003 0.0000002 
0.0000000 0.0000004 -0.0000000 -0.0000000 0.0000000 -0.0000000 -0.0000004 0.0000001 
-0.0000001 0.0000004 -0.0000000 -0.0000001 0.0000000 -0.0000000 -0.0000005 -0.0000001 
-0.0000003 0.0000003 0.0000000 -0.0000001 0.0000000 -0.0000000 -0.0000003 -0.0000004 
-0.0000004 0.0000002 0.0000000 -0.0000000 0.0000001 0.0000000 -0.0000001 -0.0000004 
-0.0000005 0.0000000 0.0000000 -0.0000000 0.0000001 0.0000000 0.0000001 -0.0000003 
-0.0000005 -0.0000003 0.0000000 -0.0000000 0.0000000 0.0000001 0.0000002 -0.0000003 
-0.0000003 -0.0000004 0.0000000 0.0000000 -0.0000000 0.0000001 0.0000003 -0.0000003 
-0.0000001 -0.0000005 0.0000000 0.0000000 -0.0000000 0.0000000 0.0000005 -0.0000001 
0.0000000 -0.0000006 0.0000000 0.0000001 -0.0000000 0.0000000 0.0000005 0.0000002 
0.0000004 -0.0000007 -0.0000000 0.0000001 -0.0000001 0.0000000 0.0000003 0.0000005 
0.0000009 -0.0000004 -0.0000000 0.0000000 -0.0000001 -0.0000000 -0.0000001 0.0000005 
0.0000011 0.0000004 -0.0000000 0.0000000 -0.0000000 -0.0000001 -0.0000002 0.0000003 
0.0000005 0.0000011 -0.0000000 0.0000000 0.0000000 -0.0000001 -0.0000003 0.0000002 
-0.0000004 0.0000011 -0.0000000 -0.0000000 0.0000000 -0.0000000 -0.0000003 0.0000001 
-0.0000009 0.0000004 -0.0000000 -0.0000000 0.0000000 -0.0000000 -0.0000004 -0.0000000 
-0.0000007 -0.0000003 -0.0000000 -0.0000000 0.0000000 0.0000000 -0.0000003 -0.0000002 
-0.0000001 -0.0000004 -0.0000000 -0.0000001 0.0000000 0.0000000 -0.0000002 -0.0000003 
0.0000001 -0.0000001 0.0000000 -0.0000001 0.0000000 0.0000000 -0.0000000 -0.0000003 
-0.0000001 0.0000001 0.0000001 -0.0000000 0.0000000 0.0000000 0.0000001 -0.0000004 
-0.0000003 -0.0000001 0.0000001 0.0000000 0.0000000 0.0000000 0.0000003 -0.0000004 
-0.0000002 -0.0000004 0.0000001 0.0000001 0.0000000 0.0000000 0.0000005 -0.0000002 
0.0000001 -0.0000004 -0.0000000 0.0000001 0.0000000 0.0000000 0.0000006 0.0000002 
0.0000003 -0.0000003 -0.0000001 0.0000001 -0.0000000 0.0000001 0.0000003 0.0000005 
0.0000004 -0.0000001 -0.0000001 0.0000000 -0.0000001 0.0000000 -0.0000001 0.0000005 
0.0000004 0.0000000 -0.0000000 -0.0000000 -0.0000001 -0.0000000 -0.0000003 0.0000003 
0.0000004 0.0000002 -0.0000000 -0.0000000 -0.0000000 -0.0000000 -0.0000003 0.0000001 
0.0000002 0.0000004 -0.0000000 -0.0000000 -0.0000000 -0.0000000 -0.0000002 0.0000001 
-0.0000000 0.0000004 -0.0000000 -0.0000000 0.0000000 -0.0000000 -0.0000003 0.0000000 
-0.0000002 0.0000003 -0.0000000 -0.0000000 0.0000000 -0.0000001 -0.0000003 -0.0000002 
-0.0000003 0.0000002 0.0000000 -0.0000001 0.0000001 -0.0000000 -0.0000002 -0.0000003 
-0.0000003 0.0000000 0.0000000 -0.0000000 0.0000001 0.0000000 0.0000000 -0.0000003 
-0.0000004 -0.0000001 0.0000000 -0.0000000 0.0000001 0.0000000 0.0000001 -0.0000002 
-0.0000003 -0.0000003 0.0000000 0.0000000 0.0000000 0.0000001 0.0000001 -0.0000002 
-0.0000001 -0.0000004 0.0000000 0.0000000 -0.0000000 0.0000001 0.0000003 -0.0000002 
0.0000001 -0.0000004 0.0000000 0.0000000 -0.0000000 0.0000000 0.0000004 -0.0000000 
0.0000002 -0.0000003 -0.0000000 0.0000000 -0.0000000 0.0000000 0.0000003 0.0000002 
0.0000003 -0.0000002 -0.0000000 0.0000000 -0.0000001 0.0000000 0.0000001 0.0000003 
0.0000004 -0.0000001 -0.0000000 0.0000000 -0.0000001 -0.0000000 -0.0000001 0.0000003 
0.0000004 0.0000002 -0.0000000 -0.0000000 -0.0000000 -0.0000001 -0.0000001 0.0000002 
0.0000003 0.0000004 -0.0000000 -0.0000000 0.0000000 -0.0000001 -0.0000002 0.0000002 
0.0000000 0.0000004 -0.0000000 -0.0000000 0.0000000 -0.0000000 -0.0000003 0.0000001 
-0.0000002 0.0000004 -0.0000000 -0.0000000 0.0000000 -0.0000000 -0.0000004 -0.0000000 
-0.0000003 0.0000002 0.0000000 -0.0000000 0.0000000 -0.0000000 -0.0000003 -0.0000003 
-0.0000003 0.0000001 0.0000000 -0.0000000 0.0000001 0.0000000 -0.0000001 -0.0000003 
-0.0000004 -0.0000000 0.0000000 -0.0000000 0.0000000 0.0000000 0.0000001 -0.0000003 
-0.0000004 -0.0000002 0.0000000 -0.0000000 0.0000000 0.0000001 0.0000001 -0.0000002 
-0.0000002 -0.0000004 0.0000000 0.0000000 -0.0000000 0.0000000 0.0000002 -0.0000002 
0.0000001 -0.0000004 0.0000000 0.0000000 -0.0000000 0.0000000 0.0000003 -0.0000001 
0.0000002 -0.0000003 0.0000000 0.0000000 -0.0000000 0.0000000 0.0000003 0.0000002 
0.0000003 -0.0000002 -0.0000000 0.0000000 -0.0000000 0.0000000 0.0000002 0.0000003 
0.0000003 -0.0000001 -0.0000000 0.0000000 -0.0000001 -0.0000000 -0.0000000 0.0000003 
0.0000004 0.0000001 -0.0000000 0.0000000 -0.0000000 -0.0000000 -0.0000001 0.0000002 
0.0000003 0.0000003 -0.0000000 -0.0000000 -0.0000000 -0.0000001 -0.0000001 0.0000002 
0.0000001 0.0000004 -0.0000000 -0.0000000 0.0000000 -0.0000000 -0.0000002 0.0000002 
-0.0000001 0.0000004 -0.0000000 -0.0000000 0.0000000 -0.0000000 -0.0000003 0.0000000 
-0.0000003 0.0000003 -0.0000000 -0.0000000 0.0000000 -0.0000000 -0.0000003 -0.0000002 
