%19-Mar-2019 15:04:27
%Comment: Enter a comment
%--------------------------------------------- 
%                   Setup 
%--------------------------------------------- 
%Number of measurements stored in this file: 1
%Center Frequency: 1.5GHz
%Center Frequency: 1.5GHz
%Number of Averages: 1 
%Start Pos: 0 degrees
%Stop Pos: 0 degrees
%Polarizations in order: VVVHHVHH 
%Columns of real and imaginary data. Col 1 = real, col 2 = imaginary. If more than 2 columns, odd columns are real and even columns are imaginary. 
%Az: 0 ================== 
0.0007691 0.0001183 -0.0002737 -0.0000612 -0.0002013 -0.0002624 -0.0009117 0.0008097 
-0.0014215 -0.0003834 0.0001378 -0.0000367 0.0000967 0.0001323 0.0001469 -0.0011215 
0.0012822 0.0001936 -0.0001248 0.0000966 -0.0001115 -0.0000640 0.0000563 0.0009890 
-0.0012641 0.0002096 0.0001071 -0.0000921 0.0001164 0.0000744 -0.0003500 -0.0008526 
0.0010958 -0.0003674 -0.0000319 0.0000980 -0.0000821 -0.0000393 0.0004570 0.0006368 
-0.0008080 0.0006030 0.0000277 -0.0001122 0.0001176 0.0000008 -0.0005269 -0.0003796 
0.0004182 -0.0007451 -0.0000175 0.0000718 -0.0001119 -0.0000042 0.0005267 0.0001979 
-0.0003233 0.0006628 -0.0000189 -0.0000792 0.0000775 -0.0000376 -0.0004039 -0.0000906 
-0.0001471 -0.0004697 -0.0000082 0.0001089 -0.0001062 0.0000847 0.0002437 -0.0000043 
0.0000451 0.0005660 -0.0000245 -0.0000588 0.0000568 -0.0000480 -0.0002551 0.0001459 
-0.0000429 -0.0003741 0.0000516 0.0000581 -0.0000199 0.0000557 0.0001330 -0.0001650 
0.0001969 0.0003617 -0.0000395 -0.0000528 0.0000335 -0.0000528 -0.0000525 0.0001664 
-0.0001247 -0.0003099 0.0000532 0.0000080 -0.0000115 0.0000263 -0.0000262 -0.0001469 
0.0001701 0.0001489 -0.0000583 -0.0000171 -0.0000003 -0.0000541 0.0001160 0.0000530 
-0.0002421 -0.0000339 0.0000307 0.0000074 -0.0000089 0.0000503 -0.0001191 0.0000255 
0.0000983 0.0000156 -0.0000389 0.0000103 -0.0000157 -0.0000331 0.0000784 -0.0001739 
-0.0000244 0.0002031 0.0000524 0.0000169 0.0000347 0.0000612 -0.0000579 0.0002892 
0.0000015 0.0000002 -0.0000298 0.0000069 -0.0000158 -0.0000288 -0.0000408 -0.0002388 
0.0001204 -0.0000921 0.0000379 -0.0000237 0.0000250 0.0000086 0.0001478 0.0002623 
-0.0000646 0.0001104 -0.0000331 0.0000138 -0.0000176 -0.0000210 -0.0002291 -0.0002149 
0.0000166 -0.0002477 0.0000091 -0.0000293 0.0000044 0.0000098 0.0003132 0.0001476 
-0.0000237 0.0002346 -0.0000198 0.0000325 -0.0000258 -0.0000104 -0.0003785 -0.0000858 
-0.0000360 -0.0001715 0.0000083 -0.0000154 0.0000269 0.0000170 0.0004209 -0.0000503 
0.0001216 0.0002677 0.0000017 0.0000248 -0.0000203 0.0000003 -0.0004723 0.0001618 
-0.0000700 -0.0002081 0.0000215 -0.0000297 0.0000455 -0.0000092 0.0004413 -0.0002613 
0.0002606 0.0001982 -0.0000031 0.0000195 -0.0000247 0.0000005 -0.0003175 0.0004189 
-0.0003515 -0.0002214 -0.0000084 -0.0000300 0.0000117 -0.0000130 0.0002192 -0.0005155 
0.0003858 0.0000657 0.0000009 0.0000275 -0.0000226 0.0000074 -0.0000625 0.0005770 
-0.0004821 0.0000404 -0.0000198 -0.0000131 0.0000119 -0.0000021 -0.0001040 -0.0005964 
0.0004249 -0.0001227 0.0000217 0.0000206 -0.0000143 0.0000201 0.0002465 0.0005583 
-0.0003058 0.0002804 -0.0000105 -0.0000077 0.0000179 -0.0000214 -0.0004177 -0.0004981 
0.0003097 -0.0003504 0.0000206 0.0000020 -0.0000019 0.0000202 0.0005277 0.0004097 
-0.0001044 0.0003188 -0.0000187 -0.0000255 -0.0000017 -0.0000466 -0.0005871 -0.0002617 
0.0000739 -0.0004609 0.0000172 0.0000033 0.0000033 0.0000215 0.0007005 0.0000491 
-0.0000153 0.0004745 -0.0000271 0.0000055 -0.0000155 -0.0000115 -0.0007038 0.0001259 
-0.0001608 -0.0004523 0.0000219 -0.0000027 0.0000099 0.0000177 0.0006628 -0.0003363 
0.0002624 0.0004397 -0.0000119 0.0000203 -0.0000079 -0.0000058 -0.0005696 0.0005031 
-0.0003540 -0.0003104 0.0000152 -0.0000209 0.0000211 0.0000087 0.0003965 -0.0006386 
0.0004758 0.0001402 -0.0000015 0.0000119 -0.0000199 -0.0000102 -0.0002331 0.0007498 
-0.0004867 -0.0000674 -0.0000038 -0.0000205 0.0000190 -0.0000066 0.0000377 -0.0007691 
0.0004309 -0.0001494 -0.0000098 0.0000151 -0.0000334 0.0000088 0.0001871 0.0007522 
-0.0004347 0.0002213 -0.0000054 -0.0000107 0.0000144 -0.0000101 -0.0003929 -0.0007083 
0.0003235 -0.0002774 0.0000096 0.0000170 -0.0000047 0.0000210 0.0005707 0.0005755 
-0.0002351 0.0004101 -0.0000052 -0.0000081 0.0000064 -0.0000139 -0.0007201 -0.0004142 
0.0001494 -0.0004264 0.0000198 0.0000023 0.0000084 0.0000108 0.0008149 0.0002124 
0.0000314 0.0004356 -0.0000152 -0.0000048 -0.0000048 -0.0000181 -0.0008441 0.0000274 
-0.0001847 -0.0004756 0.0000084 -0.0000091 0.0000038 0.0000114 0.0008215 -0.0002406 
0.0002738 0.0003675 -0.0000126 0.0000114 -0.0000169 -0.0000092 -0.0007074 0.0004488 
-0.0004390 -0.0002570 0.0000021 0.0000005 0.0000138 0.0000174 0.0005628 -0.0006515 
0.0004524 0.0001411 0.0000007 0.0000092 -0.0000150 0.0000014 -0.0003973 0.0007702 
-0.0004362 0.0000273 0.0000047 -0.0000091 0.0000214 -0.0000095 0.0001690 -0.0008521 
0.0004381 -0.0001518 0.0000046 0.0000039 -0.0000108 0.0000111 0.0000518 0.0008758 
-0.0003633 0.0002391 -0.0000071 -0.0000119 0.0000045 -0.0000218 -0.0002893 -0.0008321 
0.0002767 -0.0003742 0.0000041 0.0000050 -0.0000052 0.0000162 0.0005069 0.0007337 
-0.0002303 0.0004467 -0.0000146 0.0000004 -0.0000040 -0.0000127 -0.0006704 -0.0005758 
0.0000488 -0.0004658 0.0000137 0.0000014 0.0000073 0.0000194 0.0008084 0.0003595 
0.0000770 0.0005242 -0.0000038 0.0000104 -0.0000024 -0.0000114 -0.0008919 -0.0001406 
-0.0002140 -0.0004513 0.0000082 -0.0000134 0.0000172 0.0000086 0.0008838 -0.0000854 
0.0003683 0.0003531 -0.0000039 0.0000082 -0.0000216 -0.0000113 -0.0008392 0.0003243 
-0.0004464 -0.0002569 -0.0000034 -0.0000156 0.0000205 -0.0000021 0.0007214 -0.0005290 
0.0004741 0.0001115 -0.0000019 0.0000143 -0.0000272 0.0000087 -0.0005627 0.0007071 
-0.0005219 0.0000182 -0.0000069 -0.0000102 0.0000180 -0.0000110 0.0003617 -0.0008301 
0.0004817 -0.0001005 0.0000100 0.0000164 -0.0000118 0.0000194 -0.0001267 0.0008875 
-0.0004281 0.0002698 -0.0000099 -0.0000117 0.0000123 -0.0000210 -0.0001214 -0.0008999 
0.0003925 -0.0003427 0.0000235 0.0000027 0.0000019 0.0000161 0.0003477 0.0008525 
-0.0002526 0.0004462 -0.0000214 -0.0000030 -0.0000031 -0.0000249 -0.0005432 -0.0007117 
0.0001062 -0.0005259 0.0000157 -0.0000037 0.0000027 0.0000250 0.0007159 0.0005506 
0.0000178 0.0005295 -0.0000189 0.0000100 -0.0000155 -0.0000209 -0.0008298 -0.0003393 
-0.0001685 -0.0004821 0.0000151 -0.0000079 0.0000210 0.0000224 0.0008959 0.0001153 
0.0002806 0.0004400 -0.0000097 0.0000148 -0.0000232 -0.0000108 -0.0008883 0.0001175 
-0.0003377 -0.0003146 0.0000124 -0.0000165 0.0000290 0.0000027 0.0008237 -0.0003523 
0.0004419 0.0002112 -0.0000056 0.0000161 -0.0000262 0.0000002 -0.0007109 0.0005561 
-0.0004495 -0.0001208 -0.0000018 -0.0000243 0.0000212 -0.0000127 0.0005412 -0.0007196 
0.0004620 -0.0000249 0.0000027 0.0000222 -0.0000241 0.0000163 -0.0003287 0.0008277 
-0.0004616 0.0001433 -0.0000098 -0.0000173 0.0000191 -0.0000159 0.0001069 -0.0008837 
0.0003910 -0.0002390 0.0000144 0.0000190 -0.0000134 0.0000256 0.0001287 0.0008829 
-0.0002961 0.0003456 -0.0000142 -0.0000126 0.0000120 -0.0000271 -0.0003480 -0.0008147 
0.0002084 -0.0003895 0.0000196 0.0000075 0.0000002 0.0000274 0.0005475 0.0006939 
-0.0000605 0.0003981 -0.0000194 -0.0000074 -0.0000082 -0.0000293 -0.0007133 -0.0005282 
-0.0000391 -0.0004142 0.0000181 0.0000008 0.0000110 0.0000240 0.0008254 0.0003323 
0.0001238 0.0003556 -0.0000240 0.0000051 -0.0000224 -0.0000174 -0.0008800 -0.0001068 
-0.0002215 -0.0002991 0.0000211 -0.0000068 0.0000237 0.0000162 0.0008740 -0.0001303 
0.0002883 0.0002528 -0.0000160 0.0000148 -0.0000215 -0.0000081 -0.0008089 0.0003506 
-0.0003115 -0.0001560 0.0000156 -0.0000176 0.0000269 0.0000026 0.0006947 -0.0005489 
0.0003609 0.0000500 -0.0000090 0.0000178 -0.0000256 -0.0000002 -0.0005237 0.0007032 
-0.0003394 0.0000361 0.0000036 -0.0000220 0.0000233 -0.0000100 0.0003233 -0.0008183 
0.0003023 -0.0001616 -0.0000018 0.0000200 -0.0000230 0.0000160 -0.0001061 0.0008771 
-0.0002575 0.0002231 -0.0000045 -0.0000183 0.0000158 -0.0000175 -0.0001214 -0.0008730 
0.0001635 -0.0002736 0.0000092 0.0000210 -0.0000084 0.0000258 0.0003404 0.0008142 
-0.0000727 0.0003107 -0.0000106 -0.0000176 0.0000065 -0.0000247 -0.0005440 -0.0006969 
0.0000085 -0.0003136 0.0000172 0.0000127 0.0000022 0.0000204 0.0007056 0.0005321 
0.0000904 0.0002799 -0.0000192 -0.0000110 -0.0000066 -0.0000235 -0.0008163 -0.0003376 
-0.0001699 -0.0002689 0.0000190 0.0000036 0.0000079 0.0000187 0.0008745 0.0001088 
0.0002276 0.0001933 -0.0000217 0.0000013 -0.0000155 -0.0000152 -0.0008779 0.0001152 
-0.0003058 -0.0001303 0.0000185 -0.0000045 0.0000188 0.0000138 0.0008191 -0.0003322 
0.0003188 0.0000481 -0.0000159 0.0000099 -0.0000185 -0.0000067 -0.0007070 0.0005305 
-0.0003288 0.0000586 0.0000168 -0.0000121 0.0000243 0.0000009 0.0005495 -0.0006871 
0.0003016 -0.0001518 -0.0000128 0.0000146 -0.0000208 0.0000020 -0.0003555 0.0008150 
-0.0002529 0.0002081 0.0000069 -0.0000196 0.0000149 -0.0000093 0.0001396 -0.0008814 
0.0001710 -0.0002887 -0.0000036 0.0000210 -0.0000161 0.0000116 0.0000873 0.0008843 
-0.0001170 0.0003308 -0.0000029 -0.0000196 0.0000110 -0.0000115 -0.0003147 -0.0008377 
0.0000123 -0.0003510 0.0000084 0.0000204 -0.0000073 0.0000163 0.0005127 0.0007335 
0.0000655 0.0003781 -0.0000118 -0.0000159 0.0000061 -0.0000172 -0.0006780 -0.0005793 
-0.0001576 -0.0003417 0.0000164 0.0000120 0.0000003 0.0000160 0.0008057 0.0003907 
0.0002569 0.0003054 -0.0000188 -0.0000108 -0.0000049 -0.0000197 -0.0008717 -0.0001786 
-0.0003367 -0.0002396 0.0000190 0.0000051 0.0000059 0.0000158 0.0008966 -0.0000486 
0.0003847 0.0001473 -0.0000217 0.0000008 -0.0000125 -0.0000103 -0.0008600 0.0002677 
-0.0004360 -0.0000396 0.0000212 -0.0000053 0.0000133 0.0000106 0.0007601 -0.0004771 
0.0004379 -0.0000512 -0.0000191 0.0000114 -0.0000129 -0.0000053 -0.0006280 0.0006552 
-0.0004232 0.0001750 0.0000170 -0.0000161 0.0000162 0.0000018 0.0004424 -0.0007851 
0.0003940 -0.0002615 -0.0000119 0.0000198 -0.0000162 -0.0000004 -0.0002328 0.0008714 
-0.0003183 0.0003562 0.0000062 -0.0000227 0.0000141 -0.0000052 0.0000087 -0.0009039 
0.0002366 -0.0004379 -0.0000031 0.0000239 -0.0000169 0.0000088 0.0002156 0.0008752 
-0.0001334 0.0005013 -0.0000036 -0.0000224 0.0000126 -0.0000103 -0.0004241 -0.0008004 
0.0000049 -0.0005216 0.0000092 0.0000235 -0.0000075 0.0000167 0.0006042 0.0006730 
0.0001307 0.0005429 -0.0000143 -0.0000210 0.0000064 -0.0000169 -0.0007547 -0.0004985 
-0.0002434 -0.0004968 0.0000201 0.0000169 -0.0000005 0.0000165 0.0008570 0.0003085 
0.0003759 0.0004345 -0.0000240 -0.0000129 -0.0000037 -0.0000189 -0.0009009 -0.0000833 
-0.0004609 -0.0003509 0.0000272 0.0000067 0.0000063 0.0000176 0.0008963 -0.0001409 
0.0005456 0.0002299 -0.0000287 0.0000007 -0.0000121 -0.0000146 -0.0008348 0.0003546 
-0.0005936 -0.0000997 0.0000286 -0.0000055 0.0000161 0.0000160 0.0007218 -0.0005515 
0.0006231 -0.0000337 -0.0000250 0.0000134 -0.0000176 -0.0000099 -0.0005675 0.0007094 
-0.0005971 0.0001887 0.0000237 -0.0000191 0.0000242 0.0000037 0.0003794 -0.0008230 
0.0005693 -0.0003348 -0.0000191 0.0000241 -0.0000230 -0.0000007 -0.0001621 0.0008954 
-0.0004684 0.0004520 0.0000132 -0.0000295 0.0000226 -0.0000077 -0.0000503 -0.0009075 
0.0003580 -0.0005747 -0.0000068 0.0000321 -0.0000229 0.0000131 0.0002764 0.0008630 
-0.0002169 0.0006374 -0.0000008 -0.0000340 0.0000193 -0.0000171 -0.0004787 -0.0007736 
0.0000589 -0.0006872 0.0000099 0.0000334 -0.0000136 0.0000237 0.0006513 0.0006334 
0.0001081 0.0006791 -0.0000166 -0.0000308 0.0000118 -0.0000268 -0.0007918 -0.0004576 
-0.0002616 -0.0006600 0.0000241 0.0000252 -0.0000030 0.0000283 0.0008744 0.0002521 
0.0004210 0.0005760 -0.0000297 -0.0000213 -0.0000055 -0.0000334 -0.0009083 -0.0000311 
-0.0005530 -0.0004869 0.0000334 0.0000147 0.0000115 0.0000297 0.0008932 -0.0001925 
0.0006465 0.0003306 -0.0000377 -0.0000057 -0.0000218 -0.0000258 -0.0008177 0.0003984 
-0.0007282 -0.0001695 0.0000384 -0.0000021 0.0000279 0.0000227 0.0006946 -0.0005915 
0.0007409 -0.0000117 -0.0000375 0.0000110 -0.0000320 -0.0000148 -0.0005319 0.0007437 
-0.0007308 0.0001946 0.0000342 -0.0000211 0.0000375 0.0000057 0.0003343 -0.0008487 
0.0006616 -0.0003697 -0.0000289 0.0000271 -0.0000383 0.0000000 -0.0001177 0.0009115 
-0.0005610 0.0005141 0.0000206 -0.0000345 0.0000361 -0.0000121 -0.0001054 -0.0009099 
0.0004140 -0.0006422 -0.0000134 0.0000392 -0.0000371 0.0000218 0.0003269 0.0008568 
-0.0002599 0.0007224 0.0000047 -0.0000404 0.0000287 -0.0000290 -0.0005261 -0.0007575 
0.0000663 -0.0007598 0.0000061 0.0000416 -0.0000204 0.0000390 0.0006928 0.0006017 
0.0001209 0.0007631 -0.0000150 -0.0000394 0.0000129 -0.0000429 -0.0008253 -0.0004143 
-0.0003091 -0.0007079 0.0000242 0.0000344 -0.0000008 0.0000440 0.0009032 0.0002006 
0.0004757 0.0006133 -0.0000335 -0.0000282 -0.0000112 -0.0000464 -0.0009242 0.0000255 
-0.0006191 -0.0004763 0.0000374 0.0000194 0.0000190 0.0000413 0.0008952 -0.0002518 
0.0007077 0.0003070 -0.0000427 -0.0000084 -0.0000319 -0.0000343 -0.0008045 0.0004639 
-0.0007711 -0.0001169 0.0000434 -0.0000013 0.0000394 0.0000299 0.0006665 -0.0006491 
0.0007622 -0.0000669 -0.0000408 0.0000114 -0.0000449 -0.0000165 -0.0004920 0.0007932 
-0.0007194 0.0002679 0.0000379 -0.0000222 0.0000510 0.0000044 0.0002781 -0.0008902 
0.0006364 -0.0004376 -0.0000315 0.0000300 -0.0000500 0.0000058 -0.0000513 0.0009369 
-0.0005042 0.0005882 0.0000224 -0.0000369 0.0000461 -0.0000197 -0.0001800 -0.0009241 
0.0003411 -0.0006933 -0.0000133 0.0000433 -0.0000426 0.0000316 0.0004039 0.0008520 
-0.0001580 0.0007628 0.0000016 -0.0000426 0.0000313 -0.0000376 -0.0006023 -0.0007307 
-0.0000474 -0.0007686 0.0000102 0.0000440 -0.0000200 0.0000481 0.0007629 0.0005585 
0.0002438 0.0007423 -0.0000201 -0.0000398 0.0000114 -0.0000505 -0.0008804 -0.0003524 
-0.0004163 -0.0006432 0.0000296 0.0000319 0.0000052 0.0000512 0.0009410 0.0001292 
0.0005792 0.0005146 -0.0000374 -0.0000248 -0.0000173 -0.0000513 -0.0009454 0.0001106 
-0.0006889 -0.0003577 0.0000421 0.0000145 0.0000274 0.0000441 0.0008941 -0.0003402 
0.0007607 0.0001724 -0.0000445 -0.0000024 -0.0000393 -0.0000346 -0.0007869 0.0005507 
-0.0007766 0.0000290 0.0000459 -0.0000081 0.0000475 0.0000264 0.0006276 -0.0007304 
0.0007536 -0.0002197 -0.0000399 0.0000200 -0.0000491 -0.0000111 -0.0004299 0.0008630 
-0.0006618 0.0004138 0.0000363 -0.0000312 0.0000540 -0.0000025 0.0002025 -0.0009434 
0.0005467 -0.0005721 -0.0000267 0.0000383 -0.0000499 0.0000120 0.0000389 0.0009667 
-0.0003707 0.0006905 0.0000141 -0.0000452 0.0000447 -0.0000281 -0.0002736 -0.0009293 
0.0001847 -0.0007769 -0.0000044 0.0000478 -0.0000396 0.0000377 0.0004969 0.0008338 
0.0000114 0.0007971 -0.0000086 -0.0000473 0.0000269 -0.0000443 -0.0006878 -0.0006900 
-0.0002111 -0.0007738 0.0000215 0.0000443 -0.0000140 0.0000517 0.0008343 0.0005031 
0.0004020 0.0006918 -0.0000309 -0.0000396 0.0000027 -0.0000536 -0.0009384 -0.0002835 
-0.0005615 -0.0005733 0.0000417 0.0000285 0.0000138 0.0000499 0.0009782 0.0000458 
0.0006976 0.0004108 -0.0000489 -0.0000199 -0.0000265 -0.0000488 -0.0009603 0.0002012 
-0.0007840 -0.0002325 0.0000514 0.0000067 0.0000346 0.0000383 0.0008841 -0.0004328 
0.0008208 0.0000230 -0.0000536 0.0000090 -0.0000471 -0.0000283 -0.0007508 0.0006364 
-0.0008124 0.0001843 0.0000505 -0.0000199 0.0000517 0.0000189 0.0005730 -0.0008039 
0.0007420 -0.0003761 -0.0000437 0.0000328 -0.0000533 -0.0000026 -0.0003613 0.0009192 
-0.0006243 0.0005473 0.0000358 -0.0000444 0.0000547 -0.0000119 0.0001284 -0.0009780 
0.0004697 -0.0006916 -0.0000255 0.0000503 -0.0000496 0.0000227 0.0001159 0.0009846 
-0.0002845 0.0007833 0.0000103 -0.0000580 0.0000406 -0.0000386 -0.0003517 -0.0009258 
0.0000819 -0.0008419 0.0000016 0.0000598 -0.0000335 0.0000477 0.0005713 0.0008126 
0.0001196 0.0008366 -0.0000170 -0.0000570 0.0000175 -0.0000525 -0.0007568 -0.0006537 
-0.0003294 -0.0007906 0.0000329 0.0000538 -0.0000045 0.0000593 0.0008918 0.0004475 
0.0005109 0.0006901 -0.0000432 -0.0000441 -0.0000079 -0.0000574 -0.0009783 -0.0002174 
-0.0006632 -0.0005414 0.0000543 0.0000318 0.0000254 0.0000530 0.0010003 -0.0000257 
0.0007729 0.0003588 -0.0000623 -0.0000193 -0.0000385 -0.0000475 -0.0009618 0.0002678 
-0.0008460 -0.0001574 0.0000632 0.0000046 0.0000473 0.0000360 0.0008712 -0.0004937 
0.0008532 -0.0000544 -0.0000662 0.0000130 -0.0000602 -0.0000217 -0.0007252 0.0006895 
-0.0008219 0.0002614 0.0000612 -0.0000264 0.0000633 0.0000098 0.0005389 -0.0008520 
0.0007310 -0.0004458 -0.0000522 0.0000418 -0.0000625 0.0000100 -0.0003214 0.0009596 
-0.0006042 0.0006140 0.0000437 -0.0000557 0.0000624 -0.0000241 0.0000763 -0.0010105 
0.0004395 -0.0007386 -0.0000277 0.0000634 -0.0000527 0.0000375 0.0001694 0.0010033 
-0.0002400 0.0008206 0.0000108 -0.0000697 0.0000416 -0.0000534 -0.0004067 -0.0009302 
0.0000257 -0.0008530 0.0000048 0.0000720 -0.0000298 0.0000627 0.0006219 0.0008017 
0.0001816 0.0008401 -0.0000223 -0.0000664 0.0000118 -0.0000665 -0.0007984 -0.0006322 
-0.0003812 -0.0007609 0.0000400 0.0000628 0.0000061 0.0000734 0.0009283 0.0004206 
0.0005532 0.0006503 -0.0000520 -0.0000503 -0.0000210 -0.0000682 -0.0010097 -0.0001878 
-0.0006889 -0.0004921 0.0000648 0.0000354 0.0000416 0.0000604 0.0010277 -0.0000547 
0.0007850 0.0003102 -0.0000729 -0.0000220 -0.0000538 -0.0000518 -0.0009854 0.0003045 
-0.0008296 -0.0001101 0.0000749 0.0000009 0.0000638 0.0000340 0.0008896 -0.0005350 
0.0008273 -0.0001044 -0.0000746 0.0000185 -0.0000748 -0.0000169 -0.0007341 0.0007340 
-0.0007738 0.0003133 0.0000691 -0.0000343 0.0000767 0.0000003 0.0005345 -0.0008963 
0.0006807 -0.0004871 -0.0000553 0.0000515 -0.0000728 0.0000206 -0.0003044 0.0009999 
-0.0005327 0.0006374 0.0000448 -0.0000650 0.0000710 -0.0000386 0.0000545 -0.0010488 
0.0003600 -0.0007466 -0.0000260 0.0000719 -0.0000566 0.0000517 0.0001926 0.0010359 
-0.0001593 0.0007989 0.0000059 -0.0000789 0.0000412 -0.0000688 -0.0004335 -0.0009648 
-0.0000489 -0.0008084 0.0000100 0.0000787 -0.0000257 0.0000749 0.0006573 0.0008354 
0.0002422 0.0007668 -0.0000321 -0.0000724 0.0000026 -0.0000775 -0.0008409 -0.0006588 
-0.0004317 -0.0006754 0.0000501 0.0000639 0.0000163 0.0000797 0.0009793 0.0004350 
0.0005898 0.0005499 -0.0000627 -0.0000494 -0.0000331 -0.0000719 -0.0010660 -0.0001841 
-0.0006989 -0.0003862 0.0000750 0.0000294 0.0000529 0.0000596 0.0010796 -0.0000741 
0.0007722 0.0001925 -0.0000804 -0.0000135 -0.0000648 -0.0000491 -0.0010370 0.0003340 
-0.0007932 0.0000061 0.0000795 -0.0000090 0.0000721 0.0000280 0.0009304 -0.0005723 
0.0007552 -0.0002041 -0.0000771 0.0000301 -0.0000806 -0.0000092 -0.0007644 0.0007789 
-0.0006710 0.0003937 0.0000668 -0.0000447 0.0000772 -0.0000094 0.0005604 -0.0009478 
0.0005518 -0.0005434 -0.0000529 0.0000629 -0.0000705 0.0000318 -0.0003209 0.0010573 
-0.0003926 0.0006683 0.0000375 -0.0000749 0.0000637 -0.0000470 0.0000528 -0.0011101 
0.0002192 -0.0007479 -0.0000169 0.0000800 -0.0000478 0.0000590 0.0002182 0.0011015 
-0.0000250 0.0007645 -0.0000064 -0.0000840 0.0000293 -0.0000710 -0.0004767 -0.0010191 
-0.0001746 -0.0007486 0.0000232 0.0000791 -0.0000148 0.0000734 0.0007127 0.0008799 
0.0003532 0.0006809 -0.0000444 -0.0000696 -0.0000078 -0.0000718 -0.0009041 -0.0006821 
-0.0005126 -0.0005597 0.0000614 0.0000585 0.0000246 0.0000707 0.0010449 0.0004406 
0.0006449 0.0004135 -0.0000701 -0.0000399 -0.0000401 -0.0000579 -0.0011280 -0.0001807 
-0.0007190 -0.0002368 0.0000805 0.0000216 0.0000560 0.0000449 0.0011401 -0.0000973 
0.0007607 0.0000458 -0.0000836 -0.0000027 -0.0000627 -0.0000320 -0.0010911 0.0003742 
-0.0007473 0.0001343 0.0000794 -0.0000193 0.0000660 0.0000128 0.0009779 -0.0006286 
0.0006755 -0.0003188 -0.0000750 0.0000400 -0.0000690 0.0000055 -0.0007966 0.0008489 
-0.0005798 0.0004826 0.0000613 -0.0000531 0.0000614 -0.0000184 0.0005715 -0.0010213 
0.0004416 -0.0006074 -0.0000451 0.0000692 -0.0000525 0.0000369 -0.0003030 0.0011321 
-0.0002670 0.0006968 0.0000291 -0.0000780 0.0000444 -0.0000468 0.0000137 -0.0011770 
0.0000925 -0.0007520 -0.0000065 0.0000789 -0.0000269 0.0000550 0.0002692 0.0011506 
0.0000991 0.0007401 -0.0000115 -0.0000805 0.0000124 -0.0000628 -0.0005422 -0.0010495 
-0.0002827 -0.0007017 0.0000290 0.0000750 0.0000013 0.0000599 0.0007874 0.0008932 
0.0004319 0.0006063 -0.0000477 -0.0000631 -0.0000187 -0.0000558 -0.0009790 -0.0006802 
-0.0005748 -0.0004679 0.0000624 0.0000529 0.0000324 0.0000512 0.0011206 0.0004189 
0.0006764 0.0003183 -0.0000697 -0.0000339 -0.0000401 -0.0000376 -0.0011908 -0.0001363 
-0.0007260 -0.0001435 0.0000781 0.0000152 0.0000523 0.0000249 0.0011930 -0.0001670 
0.0007433 -0.0000471 -0.0000787 0.0000012 -0.0000539 -0.0000143 -0.0011204 0.0004579 
-0.0007178 0.0002109 0.0000724 -0.0000236 0.0000552 -0.0000033 0.0009757 -0.0007167 
0.0006320 -0.0003877 -0.0000668 0.0000384 -0.0000559 0.0000157 -0.0007687 0.0009370 
-0.0005310 0.0005320 0.0000550 -0.0000512 0.0000462 -0.0000270 0.0005217 -0.0011005 
0.0003778 -0.0006327 -0.0000392 0.0000645 -0.0000370 0.0000402 -0.0002383 0.0011898 
-0.0002062 0.0007159 0.0000262 -0.0000722 0.0000289 -0.0000476 -0.0000647 -0.0012197 
0.0000337 -0.0007476 -0.0000054 0.0000732 -0.0000124 0.0000506 0.0003600 0.0011659 
0.0001476 0.0007240 -0.0000127 -0.0000747 -0.0000006 -0.0000565 -0.0006415 -0.0010470 
-0.0003292 -0.0006762 0.0000272 0.0000687 0.0000117 0.0000515 0.0008819 0.0008630 
0.0004629 0.0005839 -0.0000470 -0.0000578 -0.0000271 -0.0000480 -0.0010664 -0.0006170 
-0.0006008 -0.0004430 0.0000574 0.0000465 0.0000367 0.0000437 0.0011901 0.0003331 
0.0006924 0.0002990 -0.0000650 -0.0000307 -0.0000452 -0.0000295 -0.0012367 -0.0000359 
-0.0007357 -0.0001140 0.0000727 0.0000129 0.0000539 0.0000176 0.0012009 -0.0002716 
0.0007572 -0.0000710 -0.0000738 0.0000012 -0.0000567 -0.0000073 -0.0011032 0.0005617 
-0.0007203 0.0002422 0.0000695 -0.0000223 0.0000553 -0.0000110 0.0009297 -0.0008147 
0.0006313 -0.0004148 -0.0000647 0.0000384 -0.0000560 0.0000237 -0.0007071 0.0010220 
-0.0005262 0.0005644 0.0000533 -0.0000507 0.0000455 -0.0000346 0.0004373 -0.0011650 
0.0003750 -0.0006574 -0.0000381 0.0000673 -0.0000379 0.0000481 -0.0001342 0.0012375 
-0.0001994 0.0007425 0.0000222 -0.0000730 0.0000285 -0.0000547 -0.0001751 -0.0012361 
0.0000285 -0.0007703 -0.0000030 0.0000750 -0.0000104 0.0000603 0.0004705 0.0011529 
0.0001720 0.0007527 -0.0000166 -0.0000773 -0.0000046 -0.0000648 -0.0007437 -0.0009961 
-0.0003503 -0.0007090 0.0000316 0.0000708 0.0000173 0.0000617 0.0009650 0.0007874 
0.0005025 0.0006050 -0.0000523 -0.0000605 -0.0000371 -0.0000552 -0.0011291 -0.0005250 
-0.0006453 -0.0004573 0.0000658 0.0000492 0.0000487 0.0000494 0.0012212 0.0002375 
0.0007490 0.0003033 -0.0000751 -0.0000311 -0.0000586 -0.0000329 -0.0012399 0.0000664 
-0.0007844 -0.0001059 0.0000866 0.0000117 0.0000685 0.0000191 0.0011868 -0.0003705 
0.0008048 -0.0000930 -0.0000861 0.0000093 -0.0000699 -0.0000047 -0.0010636 0.0006480 
-0.0007566 0.0002727 0.0000809 -0.0000316 0.0000701 -0.0000175 0.0008670 -0.0008851 
0.0006693 -0.0004663 -0.0000755 0.0000520 -0.0000674 0.0000345 -0.0006216 0.0010743 
-0.0005541 0.0006137 0.0000597 -0.0000667 0.0000563 -0.0000483 0.0003422 -0.0011901 
0.0003873 -0.0007251 -0.0000419 0.0000846 -0.0000423 0.0000664 -0.0000404 0.0012369 
-0.0001906 0.0008137 0.0000235 -0.0000932 0.0000290 -0.0000741 -0.0002555 -0.0012019 
0.0000018 -0.0008414 0.0000019 0.0000961 -0.0000056 0.0000789 0.0005397 0.0010997 
0.0002217 0.0008014 -0.0000250 -0.0000994 -0.0000134 -0.0000813 -0.0007879 -0.0009366 
-0.0004138 -0.0007443 0.0000485 0.0000899 0.0000310 0.0000730 0.0009860 0.0007163 
0.0005750 0.0006103 -0.0000719 -0.0000756 -0.0000537 -0.0000651 -0.0011298 -0.0004506 
-0.0007228 -0.0004556 0.0000895 0.0000596 0.0000687 0.0000524 0.0012062 0.0001628 
0.0008044 0.0002742 -0.0001002 -0.0000344 -0.0000783 -0.0000316 -0.0012022 0.0001341 
-0.0008422 -0.0000622 0.0001108 0.0000096 0.0000893 0.0000109 0.0011309 -0.0004188 
0.0008476 -0.0001557 -0.0001105 0.0000150 -0.0000877 0.0000087 -0.0009862 0.0006754 
-0.0007800 0.0003409 0.0001033 -0.0000442 0.0000834 -0.0000353 0.0007880 -0.0008926 
0.0006521 -0.0005457 -0.0000951 0.0000670 -0.0000739 0.0000544 -0.0005509 0.0010476 
-0.0005177 0.0006912 0.0000755 -0.0000886 0.0000548 -0.0000696 0.0002806 -0.0011403 
0.0003164 -0.0007856 -0.0000515 0.0001077 -0.0000376 0.0000866 0.0000066 0.0011734 
-0.0001145 0.0008487 0.0000271 -0.0001175 0.0000164 -0.0000933 -0.0002831 -0.0011362 
-0.0000916 -0.0008346 0.0000046 0.0001191 0.0000102 0.0000928 0.0005463 0.0010266 
0.0003080 0.0007756 -0.0000324 -0.0001186 -0.0000331 -0.0000921 -0.0007725 -0.0008618 
-0.0004934 -0.0006909 0.0000579 0.0001071 0.0000525 0.0000785 0.0009517 0.0006382 
0.0006251 0.0005313 -0.0000848 -0.0000885 -0.0000757 -0.0000634 -0.0010767 -0.0003914 
-0.0007606 -0.0003417 0.0001010 0.0000701 0.0000881 0.0000438 0.0011240 0.0001214 
0.0008145 0.0001561 -0.0001149 -0.0000425 -0.0000945 -0.0000164 -0.0011128 0.0001525 
-0.0008126 0.0000677 0.0001247 0.0000132 0.0001005 -0.0000051 0.0010423 -0.0004124 
0.0007702 -0.0002630 -0.0001228 0.0000143 -0.0000951 0.0000283 -0.0009112 0.0006427 
-0.0006567 0.0004386 0.0001139 -0.0000462 0.0000831 -0.0000540 0.0007255 -0.0008385 
0.0005102 -0.0006030 -0.0001023 0.0000702 -0.0000714 0.0000716 -0.0005023 0.0009795 
-0.0003582 0.0007042 0.0000808 -0.0000905 0.0000484 -0.0000847 0.0002436 -0.0010706 
0.0001467 -0.0007437 -0.0000550 0.0001087 -0.0000262 0.0000981 0.0000155 0.0010967 
0.0000505 0.0007797 0.0000309 -0.0001146 0.0000031 -0.0000999 -0.0002767 -0.0010462 
-0.0002288 -0.0007219 -0.0000016 0.0001175 0.0000257 0.0000958 0.0005189 0.0009437 
0.0004210 0.0006265 -0.0000271 -0.0001167 -0.0000449 -0.0000905 -0.0007239 -0.0007941 
-0.0005517 -0.0005006 0.0000506 0.0001038 0.0000634 0.0000750 0.0008850 0.0005943 
0.0006499 0.0003200 -0.0000763 -0.0000869 -0.0000820 -0.0000554 -0.0009968 -0.0003681 
-0.0007203 -0.0001337 0.0000917 0.0000682 0.0000907 0.0000385 0.0010483 0.0001189 
0.0007133 -0.0000345 -0.0001025 -0.0000416 -0.0000943 -0.0000115 -0.0010513 0.0001422 
-0.0006585 0.0002387 0.0001102 0.0000149 0.0000978 -0.0000101 0.0009857 -0.0003785 
0.0005972 -0.0003836 -0.0001052 0.0000090 -0.0000907 0.0000309 -0.0008577 0.0006069 
-0.0004554 0.0005099 0.0000987 -0.0000343 0.0000795 -0.0000554 0.0006884 -0.0007939 
0.0003074 -0.0006189 -0.0000890 0.0000558 -0.0000666 0.0000679 -0.0004795 0.0009268 
-0.0001399 0.0006600 0.0000705 -0.0000721 0.0000469 -0.0000789 0.0002431 -0.0010116 
-0.0000502 -0.0006698 -0.0000497 0.0000885 -0.0000257 0.0000902 -0.0000004 0.0010371 
0.0002182 0.0006469 0.0000290 -0.0000946 0.0000086 -0.0000904 -0.0002480 -0.0010049 
-0.0003517 -0.0005465 -0.0000033 0.0000957 0.0000164 0.0000873 0.0004803 0.0009264 
0.0005034 0.0004314 -0.0000194 -0.0000946 -0.0000336 -0.0000835 -0.0006779 -0.0007850 
-0.0005676 -0.0003163 0.0000395 0.0000819 0.0000501 0.0000722 0.0008534 0.0005979 
0.0006178 0.0001371 -0.0000575 -0.0000692 -0.0000689 -0.0000582 -0.0009752 -0.0003806 
-0.0006447 0.0000136 0.0000704 0.0000552 0.0000752 0.0000430 0.0010298 0.0001394 
0.0006050 -0.0001726 -0.0000788 -0.0000344 -0.0000806 -0.0000229 -0.0010357 0.0001144 
-0.0005499 0.0003301 0.0000864 0.0000144 0.0000869 0.0000031 0.0009775 -0.0003534 
0.0004632 -0.0004420 -0.0000846 0.0000051 -0.0000815 0.0000121 -0.0008664 0.0005797 
-0.0003140 0.0005275 0.0000787 -0.0000265 0.0000749 -0.0000344 0.0007166 -0.0007651 
0.0001785 -0.0006131 -0.0000723 0.0000447 -0.0000682 0.0000477 -0.0005074 0.0009083 
-0.0000429 0.0006050 0.0000544 -0.0000592 0.0000539 -0.0000599 0.0002830 -0.0010132 
-0.0001246 -0.0005921 -0.0000383 0.0000707 -0.0000394 0.0000757 -0.0000350 0.0010563 
0.0002501 0.0005582 0.0000228 -0.0000753 0.0000227 -0.0000770 -0.0002173 -0.0010312 
-0.0003777 -0.0004704 -0.0000019 0.0000770 -0.0000023 0.0000786 0.0004608 0.0009509 
0.0004874 0.0003789 -0.0000155 -0.0000773 -0.0000164 -0.0000812 -0.0006746 -0.0008129 
-0.0005454 -0.0002663 0.0000330 0.0000693 0.0000313 0.0000710 0.0008542 0.0006330 
0.0005884 0.0001039 -0.0000497 -0.0000587 -0.0000508 -0.0000613 -0.0009717 -0.0004212 
-0.0006137 0.0000252 0.0000630 0.0000478 0.0000615 0.0000511 0.0010428 0.0001707 
0.0005559 -0.0001647 -0.0000717 -0.0000272 -0.0000698 -0.0000332 -0.0010614 0.0000770 
-0.0005055 0.0003055 0.0000775 0.0000091 0.0000820 0.0000171 0.0010198 -0.0003256 
0.0004297 -0.0003961 -0.0000751 0.0000066 -0.0000778 0.0000014 -0.0009088 0.0005590 
-0.0003156 0.0004945 0.0000710 -0.0000272 0.0000743 -0.0000234 0.0007524 -0.0007643 
0.0002053 -0.0005527 -0.0000648 0.0000411 -0.0000718 0.0000409 -0.0005454 0.0009260 
-0.0000803 0.0005694 0.0000509 -0.0000553 0.0000542 -0.0000544 0.0003129 -0.0010300 
-0.0000740 -0.0005809 -0.0000374 0.0000681 -0.0000402 0.0000714 -0.0000631 0.0010645 
0.0001926 0.0005534 0.0000228 -0.0000753 0.0000249 -0.0000763 -0.0002011 -0.0010535 
-0.0003321 -0.0004709 -0.0000002 0.0000789 -0.0000022 0.0000781 0.0004392 0.0009717 
0.0004341 0.0003861 -0.0000184 -0.0000784 -0.0000144 -0.0000829 -0.0006580 -0.0008442 
-0.0005050 -0.0002769 0.0000349 0.0000693 0.0000351 0.0000712 0.0008380 0.0006580 
0.0005592 0.0001535 -0.0000529 -0.0000579 -0.0000559 -0.0000591 -0.0009788 -0.0004394 
-0.0005720 -0.0000176 0.0000634 0.0000473 0.0000690 0.0000498 0.0010534 0.0001933 
0.0005515 -0.0001073 -0.0000720 -0.0000284 -0.0000768 -0.0000239 -0.0010597 0.0000678 
-0.0005236 0.0002567 0.0000795 0.0000120 0.0000870 0.0000052 0.0010061 -0.0003176 
0.0004471 -0.0003577 -0.0000793 0.0000053 -0.0000828 0.0000152 -0.0008997 0.0005565 
-0.0003287 0.0004792 0.0000768 -0.0000273 0.0000747 -0.0000386 0.0007335 -0.0007470 
0.0002166 -0.0005475 -0.0000696 0.0000445 -0.0000693 0.0000524 -0.0005339 0.0008923 
-0.0000726 0.0005794 0.0000534 -0.0000593 0.0000474 -0.0000703 0.0002966 -0.0009912 
-0.0000646 -0.0005845 -0.0000372 0.0000731 -0.0000276 0.0000851 -0.0000543 0.0010374 
0.0002120 0.0005343 0.0000216 -0.0000770 0.0000125 -0.0000881 -0.0001905 -0.0010095 
-0.0003339 -0.0004672 -0.0000008 0.0000787 0.0000185 0.0000857 0.0004328 0.0009172 
0.0004530 0.0003795 -0.0000179 -0.0000788 -0.0000389 -0.0000863 -0.0006437 -0.0007821 
-0.0005302 -0.0002557 0.0000320 0.0000703 0.0000566 0.0000692 0.0008059 0.0006065 
0.0005897 0.0001095 -0.0000523 -0.0000630 -0.0000777 -0.0000514 -0.0009245 -0.0003754 
-0.0006160 0.0000454 0.0000638 0.0000503 0.0000807 0.0000373 0.0009665 0.0001495 
0.0005789 -0.0001952 -0.0000749 -0.0000288 -0.0000912 -0.0000086 -0.0009693 0.0001036 
-0.0005039 0.0003360 0.0000816 0.0000096 0.0000955 -0.0000149 0.0009198 -0.0003197 
0.0004011 -0.0004637 -0.0000784 0.0000079 -0.0000861 0.0000300 -0.0007939 0.0005226 
-0.0002624 0.0005537 0.0000724 -0.0000278 0.0000732 -0.0000589 0.0006313 -0.0007061 
0.0001248 -0.0006139 -0.0000655 0.0000447 -0.0000645 0.0000746 -0.0004395 0.0008354 
0.0000399 0.0006307 0.0000503 -0.0000533 0.0000382 -0.0000834 0.0002198 -0.0009063 
-0.0001904 -0.0006100 -0.0000383 0.0000688 -0.0000156 0.0000973 0.0000147 0.0009270 
0.0003485 0.0005608 0.0000228 -0.0000730 -0.0000022 -0.0000882 -0.0002357 -0.0008639 
-0.0004754 -0.0004531 0.0000009 0.0000777 0.0000312 0.0000884 0.0004545 0.0007818 
0.0005791 0.0003060 -0.0000194 -0.0000771 -0.0000513 -0.0000828 -0.0006068 -0.0006436 
-0.0006576 -0.0001692 0.0000354 0.0000663 0.0000596 0.0000623 0.0007312 0.0004553 
0.0006824 -0.0000283 -0.0000527 -0.0000546 -0.0000830 -0.0000456 -0.0008382 -0.0002574 
-0.0006645 0.0001840 0.0000625 0.0000412 0.0000866 0.0000313 0.0008571 0.0000468 
0.0006022 -0.0003439 -0.0000647 -0.0000204 -0.0000866 -0.0000009 -0.0008302 0.0001727 
-0.0004956 0.0004778 0.0000731 0.0000086 0.0000931 -0.0000196 0.0007675 -0.0003619 
0.0003865 -0.0005935 -0.0000693 0.0000077 -0.0000722 0.0000349 -0.0006133 0.0005393 
-0.0002120 0.0006573 0.0000679 -0.0000285 0.0000653 -0.0000574 0.0004736 -0.0006846 
0.0000229 -0.0007027 -0.0000627 0.0000443 -0.0000547 0.0000693 -0.0002760 0.0007441 
0.0001099 0.0006998 0.0000444 -0.0000548 0.0000279 -0.0000693 0.0000700 -0.0007855 
-0.0003239 -0.0006554 -0.0000283 0.0000686 -0.0000119 0.0000854 0.0001060 0.0007968 
0.0004424 0.0005515 0.0000112 -0.0000703 -0.0000013 -0.0000772 -0.0003084 -0.0007198 
-0.0005660 -0.0004340 0.0000100 0.0000657 0.0000263 0.0000701 0.0004736 0.0006194 
0.0006477 0.0002735 -0.0000211 -0.0000661 -0.0000420 -0.0000712 -0.0005996 -0.0004814 
-0.0006825 -0.0001205 0.0000338 0.0000547 0.0000525 0.0000430 0.0007141 0.0002850 
0.0006801 -0.0000597 -0.0000506 -0.0000483 -0.0000670 -0.0000339 -0.0007659 -0.0001209 
-0.0006516 0.0002269 0.0000599 0.0000398 0.0000685 0.0000222 0.0007347 -0.0001000 
0.0005725 -0.0003411 -0.0000657 -0.0000172 -0.0000606 0.0000071 -0.0007015 0.0002911 
-0.0004809 0.0005022 0.0000732 -0.0000017 0.0000707 -0.0000172 0.0006232 -0.0004236 
0.0003389 -0.0005563 -0.0000673 0.0000179 -0.0000530 0.0000235 -0.0004644 0.0005773 
-0.0001805 0.0006084 0.0000568 -0.0000433 0.0000427 -0.0000464 0.0003093 -0.0006775 
0.0000426 -0.0006447 -0.0000487 0.0000449 -0.0000428 0.0000482 -0.0001274 0.0007039 
0.0001152 0.0005744 0.0000271 -0.0000554 0.0000065 -0.0000583 -0.0000838 -0.0007617 
-0.0002603 -0.0005432 -0.0000195 0.0000630 -0.0000030 0.0000622 0.0002320 0.0006936 
0.0003678 0.0004683 0.0000104 -0.0000646 -0.0000067 -0.0000537 -0.0004587 -0.0005937 
-0.0004377 -0.0003270 0.0000127 0.0000614 0.0000367 0.0000371 0.0005974 0.0004784 
0.0004905 0.0002548 -0.0000319 -0.0000623 -0.0000407 -0.0000424 -0.0006475 -0.0002993 
-0.0004979 -0.0000869 0.0000442 0.0000486 0.0000346 0.0000192 0.0007325 0.0001104 
0.0004827 -0.0000300 -0.0000699 -0.0000313 -0.0000538 -0.0000071 -0.0007274 0.0000668 
-0.0004646 0.0001315 0.0000579 0.0000184 0.0000390 0.0000100 0.0006657 -0.0002776 
0.0003467 -0.0002422 -0.0000617 0.0000122 -0.0000479 0.0000335 -0.0006437 0.0004404 
-0.0002954 0.0003121 0.0000592 -0.0000165 0.0000440 -0.0000260 0.0004625 -0.0005491 
0.0001955 -0.0003319 -0.0000493 0.0000215 -0.0000245 0.0000291 -0.0003197 0.0007358 
-0.0000184 0.0003450 0.0000387 -0.0000429 0.0000012 -0.0000639 0.0001283 -0.0007980 
0.0000453 -0.0002654 -0.0000342 0.0000506 -0.0000037 0.0000462 0.0001247 0.0007117 
0.0001221 0.0002429 0.0000146 -0.0000604 -0.0000294 -0.0000325 -0.0003183 -0.0007336 
-0.0001576 -0.0001740 0.0000022 0.0000894 0.0000316 0.0000518 0.0004704 0.0006144 
0.0001481 0.0000885 -0.0000239 -0.0000478 -0.0000234 -0.0000060 -0.0007064 -0.0004253 
-0.0001986 -0.0000033 0.0000570 0.0000464 0.0000727 0.0000227 0.0007536 0.0003524 
0.0001481 -0.0000513 -0.0000561 -0.0000269 -0.0000518 -0.0000074 -0.0008080 -0.0000393 
-0.0000770 0.0000441 0.0000405 -0.0000011 0.0000394 -0.0000242 0.0008931 -0.0000823 
-0.0000224 -0.0002551 -0.0000665 0.0000198 -0.0000892 0.0000554 -0.0008597 0.0003648 
0.0002508 0.0000772 0.0000476 -0.0000132 0.0000323 -0.0000432 0.0006437 -0.0007257 
