%19-Mar-2019 15:07:31
%Comment: Enter a comment
%--------------------------------------------- 
%                   Setup 
%--------------------------------------------- 
%Number of measurements stored in this file: 1
%Center Frequency: 1.5GHz
%Center Frequency: 1.5GHz
%Number of Averages: 1 
%Start Pos: 0 degrees
%Stop Pos: 0 degrees
%Polarizations in order: VVVHHVHH 
%Columns of real and imaginary data. Col 1 = real, col 2 = imaginary. If more than 2 columns, odd columns are real and even columns are imaginary. 
%Az: 0 ================== 
0.0008349 0.0007591 -0.0004389 -0.0000231 -0.0002661 -0.0003958 -0.0015697 0.0010080 
-0.0016685 -0.0009460 0.0002632 -0.0001211 0.0002117 0.0002506 0.0007086 -0.0015779 
0.0016794 0.0006673 -0.0002120 0.0002054 -0.0002635 -0.0001502 -0.0002964 0.0015886 
-0.0018053 -0.0000999 0.0001567 -0.0002190 0.0002888 0.0000964 -0.0002134 -0.0015366 
0.0016718 -0.0002425 -0.0000535 0.0002360 -0.0002515 -0.0000109 0.0005207 0.0013270 
-0.0014257 0.0006402 0.0000103 -0.0002666 0.0002650 -0.0000818 -0.0008111 -0.0010405 
0.0010448 -0.0009921 0.0000482 0.0002207 -0.0002294 0.0001140 0.0009861 0.0007257 
-0.0008514 0.0011399 -0.0001268 -0.0002071 0.0001632 -0.0001857 -0.0009832 -0.0004573 
0.0001893 -0.0010850 0.0001381 0.0001992 -0.0001439 0.0002462 0.0008845 0.0001957 
-0.0000908 0.0012498 -0.0001933 -0.0000904 0.0000523 -0.0002198 -0.0009627 0.0001204 
-0.0001073 -0.0010629 0.0002187 0.0000338 0.0000287 0.0002242 0.0008442 -0.0003588 
0.0004685 0.0010242 -0.0001949 0.0000190 -0.0000702 -0.0002056 -0.0006895 0.0005698 
-0.0005941 -0.0008585 0.0001819 -0.0001026 0.0001328 0.0001442 0.0004718 -0.0007164 
0.0007801 0.0005510 -0.0001565 0.0001191 -0.0001760 -0.0001224 -0.0002173 0.0007483 
-0.0009617 -0.0002635 0.0000911 -0.0001521 0.0001776 0.0000653 -0.0000119 -0.0007573 
0.0008942 0.0000343 -0.0000545 0.0001824 -0.0001996 0.0000004 0.0002120 0.0006039 
-0.0008163 0.0004331 0.0000159 -0.0001594 0.0001992 -0.0000272 -0.0004072 -0.0004086 
0.0007029 -0.0004638 0.0000639 0.0001685 -0.0001527 0.0000986 0.0004774 0.0003524 
-0.0004220 0.0005603 -0.0001031 -0.0001520 0.0001224 -0.0001498 -0.0005310 -0.0001760 
0.0002807 -0.0006881 0.0001417 0.0000985 -0.0000711 0.0001656 0.0005567 0.0000269 
-0.0000815 0.0006372 -0.0001830 -0.0000607 0.0000016 -0.0001877 -0.0005174 0.0001423 
-0.0001844 -0.0006477 0.0001686 0.0000097 0.0000356 0.0001834 0.0004293 -0.0003010 
0.0003600 0.0006435 -0.0001654 0.0000550 -0.0000889 -0.0001523 -0.0003134 0.0004003 
-0.0004963 -0.0004290 0.0001519 -0.0000921 0.0001381 0.0001292 0.0001159 -0.0004951 
0.0007410 0.0002997 -0.0000963 0.0001273 -0.0001464 -0.0000855 0.0000695 0.0005546 
-0.0006855 -0.0000619 0.0000699 -0.0001726 0.0001806 0.0000219 -0.0001856 -0.0004652 
0.0006509 -0.0002520 -0.0000250 0.0001796 -0.0001911 0.0000247 0.0003299 0.0003794 
-0.0005740 0.0003861 -0.0000414 -0.0001831 0.0001663 -0.0000833 -0.0004150 -0.0002631 
0.0003631 -0.0005455 0.0000829 0.0001788 -0.0001455 0.0001390 0.0004793 0.0001214 
-0.0002269 0.0006920 -0.0001325 -0.0001304 0.0001003 -0.0001626 -0.0005155 0.0000263 
0.0000943 -0.0006957 0.0001782 0.0000919 -0.0000413 0.0001906 0.0004772 -0.0001827 
0.0001965 0.0007055 -0.0001901 -0.0000431 -0.0000078 -0.0002021 -0.0004441 0.0003470 
-0.0002887 -0.0007395 0.0002000 -0.0000364 0.0000699 0.0001698 0.0003927 -0.0004818 
0.0005469 0.0005246 -0.0001977 0.0000715 -0.0001268 -0.0001652 -0.0001805 0.0005429 
-0.0007678 -0.0003593 0.0001650 -0.0001207 0.0001638 0.0001307 0.0000191 -0.0005971 
0.0008097 0.0001346 -0.0001309 0.0001729 -0.0002007 -0.0000725 0.0001661 0.0005645 
-0.0008436 0.0001472 0.0000877 -0.0001963 0.0002222 0.0000227 -0.0003307 -0.0005177 
0.0008035 -0.0003425 -0.0000164 0.0002187 -0.0002104 0.0000433 0.0004541 0.0004191 
-0.0006360 0.0005072 -0.0000401 -0.0002270 0.0001962 -0.0001096 -0.0005721 -0.0002697 
0.0004786 -0.0007383 0.0000988 0.0001996 -0.0001625 0.0001532 0.0006448 0.0001361 
-0.0003133 0.0007713 -0.0001680 -0.0001701 0.0001006 -0.0002005 -0.0006540 0.0000225 
0.0000319 -0.0008748 0.0001943 0.0001283 -0.0000547 0.0002308 0.0006346 -0.0002325 
0.0001684 0.0009206 -0.0002217 -0.0000658 -0.0000072 -0.0002331 -0.0005637 0.0003971 
-0.0004243 -0.0008000 0.0002411 0.0000082 0.0000789 0.0002293 0.0004328 -0.0005555 
0.0006750 0.0006919 -0.0002252 0.0000539 -0.0001311 -0.0002038 -0.0002757 0.0006614 
-0.0007937 -0.0004978 0.0002118 -0.0001252 0.0001882 0.0001512 0.0000983 -0.0007123 
0.0008770 0.0001927 -0.0001789 0.0001725 -0.0002311 -0.0001007 0.0001057 0.0007305 
-0.0009394 0.0000281 0.0001182 -0.0002157 0.0002448 0.0000343 -0.0002719 -0.0006849 
0.0008228 -0.0002711 -0.0000625 0.0002525 -0.0002541 0.0000451 0.0004358 0.0005649 
-0.0007578 0.0005080 -0.0000028 -0.0002493 0.0002379 -0.0001023 -0.0006016 -0.0004549 
0.0006292 -0.0006559 0.0000766 0.0002394 -0.0001961 0.0001618 0.0006976 0.0002857 
-0.0004024 0.0008019 -0.0001327 -0.0002166 0.0001503 -0.0002150 -0.0007724 -0.0000930 
0.0001847 -0.0009096 0.0001839 0.0001652 -0.0000885 0.0002413 0.0007666 -0.0001081 
0.0000635 0.0008832 -0.0002307 -0.0001196 0.0000127 -0.0002627 -0.0007187 0.0003073 
-0.0003701 -0.0008287 0.0002495 0.0000584 0.0000541 0.0002626 0.0006287 -0.0004892 
0.0005437 0.0007239 -0.0002577 0.0000172 -0.0001239 -0.0002330 -0.0004746 0.0006219 
-0.0007289 -0.0004803 0.0002518 -0.0000790 0.0001902 0.0001986 0.0002762 -0.0007327 
0.0008366 0.0002865 -0.0002120 0.0001405 -0.0002281 -0.0001431 -0.0000964 0.0007957 
-0.0008351 -0.0000678 0.0001675 -0.0001983 0.0002579 0.0000700 -0.0001170 -0.0007903 
0.0008182 -0.0001775 -0.0001146 0.0002302 -0.0002727 -0.0000034 0.0003121 0.0007458 
-0.0007581 0.0003761 0.0000413 -0.0002532 0.0002577 -0.0000700 -0.0004994 -0.0006349 
0.0005849 -0.0005683 0.0000185 0.0002608 -0.0002355 0.0001420 0.0006509 0.0004876 
-0.0004221 0.0007573 -0.0000843 -0.0002422 0.0001918 -0.0001967 -0.0007547 -0.0003138 
0.0002111 -0.0007991 0.0001502 0.0002139 -0.0001277 0.0002413 0.0008069 0.0000956 
0.0000687 0.0008591 -0.0001922 -0.0001721 0.0000675 -0.0002723 -0.0008130 0.0001405 
-0.0002699 -0.0007964 0.0002338 0.0001066 0.0000096 0.0002719 0.0007625 -0.0003247 
0.0004605 0.0006527 -0.0002590 -0.0000418 -0.0000870 -0.0002593 -0.0006500 0.0005174 
-0.0006336 -0.0004994 0.0002567 -0.0000240 0.0001493 0.0002307 0.0005013 -0.0006607 
0.0007287 0.0003230 -0.0002424 0.0000960 -0.0002061 -0.0001774 -0.0003061 0.0007766 
-0.0007904 -0.0000868 0.0002125 -0.0001504 0.0002503 0.0001207 0.0000991 -0.0008322 
0.0008200 -0.0000996 -0.0001616 0.0001998 -0.0002694 -0.0000517 0.0001169 0.0008282 
-0.0007196 0.0003082 0.0001077 -0.0002392 0.0002756 -0.0000255 -0.0003371 -0.0007740 
0.0006363 -0.0005195 -0.0000450 0.0002534 -0.0002608 0.0000925 0.0005345 0.0006683 
-0.0004746 0.0006452 -0.0000292 -0.0002596 0.0002200 -0.0001595 -0.0006860 -0.0005118 
0.0002512 -0.0007506 0.0000950 0.0002467 -0.0001706 0.0002164 0.0008000 0.0003156 
-0.0000488 0.0008049 -0.0001538 -0.0002102 0.0001097 -0.0002500 -0.0008525 -0.0000964 
-0.0001584 -0.0007682 0.0002075 0.0001663 -0.0000355 0.0002716 0.0008598 -0.0001265 
0.0003725 0.0007083 -0.0002393 -0.0001073 -0.0000341 -0.0002739 -0.0007986 0.0003487 
-0.0005094 -0.0006032 0.0002586 0.0000381 0.0001044 0.0002514 0.0006796 -0.0005448 
0.0006492 0.0004188 -0.0002633 0.0000269 -0.0001707 -0.0002165 -0.0005211 0.0007107 
-0.0007501 -0.0002595 0.0002434 -0.0000926 0.0002170 0.0001646 0.0003280 -0.0008276 
0.0007734 0.0000604 -0.0002146 0.0001575 -0.0002546 -0.0000961 -0.0001037 0.0008844 
-0.0007602 0.0001712 0.0001701 -0.0002060 0.0002748 0.0000271 -0.0001278 -0.0008856 
0.0007141 -0.0003556 -0.0001083 0.0002430 -0.0002694 0.0000451 0.0003595 0.0008237 
-0.0005722 0.0005147 0.0000447 -0.0002665 0.0002499 -0.0001180 -0.0005563 -0.0007169 
0.0004322 -0.0006573 0.0000259 0.0002663 -0.0002124 0.0001769 0.0007293 0.0005457 
-0.0002538 0.0007101 -0.0000966 -0.0002515 0.0001549 -0.0002257 -0.0008522 -0.0003408 
0.0000417 -0.0007559 0.0001553 0.0002213 -0.0000925 0.0002620 0.0009156 0.0001135 
0.0001334 0.0007415 -0.0002069 -0.0001718 0.0000209 -0.0002738 -0.0009195 0.0001206 
-0.0003070 -0.0006688 0.0002483 0.0001158 0.0000563 0.0002718 0.0008594 -0.0003527 
0.0004880 0.0005713 -0.0002690 -0.0000510 -0.0001235 -0.0002519 -0.0007437 0.0005624 
-0.0006041 -0.0004497 0.0002738 -0.0000223 0.0001846 0.0002074 0.0005781 -0.0007422 
0.0006922 0.0002557 -0.0002624 0.0000889 -0.0002362 -0.0001547 -0.0003769 0.0008578 
-0.0007421 -0.0000911 0.0002293 -0.0001547 0.0002657 0.0000891 0.0001443 -0.0009353 
0.0007103 -0.0001071 -0.0001835 0.0002113 -0.0002801 -0.0000143 0.0000970 0.0009483 
-0.0006714 0.0002938 0.0001254 -0.0002497 0.0002778 -0.0000574 -0.0003348 -0.0008928 
0.0005646 -0.0004399 -0.0000557 0.0002751 -0.0002507 0.0001282 0.0005452 0.0007855 
-0.0004322 0.0005612 -0.0000138 -0.0002828 0.0002115 -0.0001923 -0.0007264 -0.0006190 
0.0002775 -0.0006705 0.0000830 0.0002699 -0.0001589 0.0002386 0.0008629 0.0004162 
-0.0001204 0.0007025 -0.0001515 -0.0002407 0.0000888 -0.0002717 -0.0009454 -0.0001917 
-0.0000854 -0.0007089 0.0002066 0.0001971 -0.0000181 0.0002887 0.0009558 -0.0000535 
0.0002446 0.0006733 -0.0002514 -0.0001377 -0.0000558 -0.0002817 -0.0009198 0.0002902 
-0.0004208 -0.0005651 0.0002810 0.0000702 0.0001291 0.0002583 0.0008208 -0.0005087 
0.0005586 0.0004593 -0.0002887 0.0000024 -0.0001893 -0.0002192 -0.0006656 0.0006991 
-0.0006503 -0.0002970 0.0002797 -0.0000779 0.0002394 0.0001615 0.0004739 -0.0008406 
0.0007051 0.0001161 -0.0002535 0.0001443 -0.0002769 -0.0000974 -0.0002477 0.0009277 
-0.0007209 0.0000618 0.0002088 -0.0002021 0.0002902 0.0000265 0.0000106 -0.0009640 
0.0006675 -0.0002323 -0.0001518 0.0002507 -0.0002880 0.0000514 0.0002206 0.0009371 
-0.0005954 0.0004126 0.0000843 -0.0002804 0.0002677 -0.0001212 -0.0004546 -0.0008470 
0.0004756 -0.0005378 -0.0000114 0.0002942 -0.0002265 0.0001847 0.0006421 0.0007145 
-0.0003125 0.0006617 -0.0000630 -0.0002899 0.0001727 -0.0002387 -0.0007947 -0.0005344 
0.0001484 -0.0007269 0.0001339 0.0002646 -0.0001087 0.0002733 0.0009019 0.0003220 
0.0000449 0.0007451 -0.0001983 -0.0002227 0.0000338 -0.0002922 -0.0009504 -0.0000917 
-0.0002403 -0.0007100 0.0002469 0.0001677 0.0000391 0.0002943 0.0009419 -0.0001460 
0.0004102 0.0006415 -0.0002806 -0.0000992 -0.0001102 -0.0002722 -0.0008806 0.0003695 
-0.0005564 -0.0004993 0.0002984 0.0000264 0.0001780 0.0002361 0.0007628 -0.0005637 
0.0006893 0.0003559 -0.0002953 0.0000492 -0.0002303 -0.0001850 -0.0005981 0.0007430 
-0.0007481 -0.0001730 0.0002743 -0.0001211 0.0002689 0.0001192 0.0004061 -0.0008563 
0.0007911 -0.0000281 -0.0002371 0.0001864 -0.0002928 -0.0000480 -0.0001842 0.0009273 
-0.0007644 0.0002179 0.0001826 -0.0002398 0.0002938 -0.0000259 -0.0000434 -0.0009456 
0.0006973 -0.0004084 -0.0001164 0.0002801 -0.0002778 0.0001013 0.0002718 0.0009049 
-0.0005710 0.0005860 0.0000439 -0.0002994 0.0002460 -0.0001658 -0.0004833 -0.0008116 
0.0004228 -0.0007134 0.0000338 0.0003003 -0.0001929 0.0002211 0.0006637 0.0006742 
-0.0002106 0.0008013 -0.0001072 -0.0002842 0.0001325 -0.0002654 -0.0007986 -0.0004936 
0.0000177 -0.0008529 0.0001754 0.0002477 -0.0000621 0.0002879 0.0009068 0.0002879 
0.0002006 0.0008236 -0.0002311 -0.0001966 -0.0000141 -0.0002947 -0.0009430 -0.0000663 
-0.0004036 -0.0007692 0.0002731 0.0001341 0.0000874 0.0002837 0.0009310 -0.0001644 
0.0005840 0.0006465 -0.0002980 -0.0000618 -0.0001546 -0.0002511 -0.0008698 0.0003803 
-0.0007298 -0.0004997 0.0003054 -0.0000147 0.0002151 0.0002044 0.0007519 -0.0005826 
0.0008465 0.0002935 -0.0002923 0.0000896 -0.0002578 -0.0001456 -0.0005948 0.0007488 
-0.0008962 -0.0000876 0.0002598 -0.0001615 0.0002855 0.0000725 0.0004005 -0.0008692 
0.0008980 -0.0001580 -0.0002134 0.0002207 -0.0002976 0.0000002 -0.0001789 0.0009391 
-0.0008524 0.0003625 0.0001510 -0.0002667 0.0002858 -0.0000743 -0.0000473 -0.0009655 
0.0007291 -0.0005675 -0.0000800 0.0002962 -0.0002588 0.0001462 0.0002765 0.0009238 
-0.0005835 0.0007321 0.0000053 -0.0003071 0.0002157 -0.0002058 -0.0004926 -0.0008349 
0.0003812 -0.0008551 0.0000709 0.0002988 -0.0001557 0.0002533 0.0006786 0.0006999 
-0.0001665 0.0009245 -0.0001432 -0.0002741 0.0000869 -0.0002871 -0.0008326 -0.0005181 
-0.0000651 -0.0009496 0.0002059 0.0002300 -0.0000139 0.0002977 0.0009412 0.0003070 
0.0002865 0.0009084 -0.0002583 -0.0001709 -0.0000650 -0.0002921 -0.0009899 -0.0000730 
-0.0005140 -0.0008211 0.0002925 0.0001034 0.0001347 0.0002695 0.0009821 -0.0001722 
0.0006908 0.0006824 -0.0003091 -0.0000278 -0.0001979 -0.0002249 -0.0009226 0.0003973 
-0.0008395 -0.0004907 0.0003070 -0.0000503 0.0002509 0.0001689 0.0008015 -0.0006112 
0.0009333 0.0002776 -0.0002850 0.0001227 -0.0002845 -0.0001026 -0.0006360 0.0007912 
-0.0009738 -0.0000425 0.0002458 -0.0001896 0.0003012 0.0000258 0.0004323 -0.0009261 
0.0009512 -0.0001934 -0.0001943 0.0002447 -0.0003016 0.0000501 -0.0001982 0.0010096 
-0.0008889 0.0004126 0.0001275 -0.0002842 0.0002771 -0.0001230 -0.0000488 -0.0010375 
0.0007569 -0.0006112 -0.0000536 0.0003088 -0.0002388 0.0001923 0.0002990 0.0010010 
-0.0006015 0.0007861 -0.0000227 -0.0003123 0.0001855 -0.0002444 -0.0005410 -0.0009044 
0.0003990 -0.0008956 0.0000989 0.0002972 -0.0001164 0.0002834 0.0007401 0.0007538 
-0.0001673 0.0009690 -0.0001699 -0.0002651 0.0000426 -0.0003068 -0.0009087 -0.0005538 
-0.0000685 -0.0009786 0.0002281 0.0002154 0.0000337 0.0003064 0.0010225 0.0003190 
0.0003032 0.0009365 -0.0002747 -0.0001527 -0.0001116 -0.0002889 -0.0010751 -0.0000636 
-0.0005215 -0.0008295 0.0003037 0.0000839 0.0001795 0.0002554 0.0010642 -0.0001994 
0.0006954 0.0006893 -0.0003145 -0.0000060 -0.0002374 -0.0001995 -0.0009952 0.0004516 
-0.0008366 -0.0004926 0.0003087 -0.0000712 0.0002834 0.0001358 0.0008596 -0.0006826 
0.0009379 0.0002905 -0.0002816 0.0001431 -0.0003062 -0.0000626 -0.0006710 0.0008826 
-0.0009680 -0.0000592 0.0002386 -0.0002081 0.0003132 -0.0000184 0.0004389 -0.0010183 
0.0009566 -0.0001816 -0.0001820 0.0002613 -0.0003013 0.0000950 -0.0001770 0.0011023 
-0.0008837 0.0004070 0.0001123 -0.0002966 0.0002666 -0.0001658 -0.0000997 -0.0011187 
0.0007629 -0.0006067 -0.0000362 0.0003159 -0.0002173 0.0002297 0.0003709 0.0010645 
-0.0005847 0.0007793 -0.0000389 -0.0003154 0.0001564 -0.0002758 -0.0006204 -0.0009458 
0.0003888 -0.0008875 0.0001164 0.0002953 -0.0000794 0.0003057 0.0008330 0.0007730 
-0.0001524 0.0009531 -0.0001848 -0.0002611 0.0000028 -0.0003196 -0.0009989 -0.0005487 
-0.0000713 -0.0009661 0.0002416 0.0002069 0.0000755 0.0003073 0.0011122 0.0002888 
0.0003045 0.0009083 -0.0002862 -0.0001426 -0.0001529 -0.0002799 -0.0011508 -0.0000088 
-0.0005237 -0.0008116 0.0003130 0.0000701 0.0002162 0.0002354 0.0011241 -0.0002759 
0.0007084 0.0006586 -0.0003198 0.0000091 -0.0002673 -0.0001720 -0.0010293 0.0005469 
-0.0008494 -0.0004724 0.0003091 -0.0000874 0.0003036 0.0001006 0.0008634 -0.0007861 
0.0009466 0.0002465 -0.0002780 0.0001575 -0.0003178 -0.0000246 -0.0006467 0.0009760 
-0.0009726 -0.0000076 0.0002304 -0.0002226 0.0003141 -0.0000589 0.0003927 -0.0011020 
0.0009433 -0.0002430 -0.0001724 0.0002720 -0.0002926 0.0001331 -0.0001119 0.0011668 
-0.0008559 0.0004647 0.0000992 -0.0003046 0.0002471 -0.0002010 -0.0001755 -0.0011665 
0.0007085 -0.0006636 -0.0000221 0.0003215 -0.0001907 0.0002592 0.0004581 0.0010896 
-0.0005253 0.0008287 -0.0000550 -0.0003176 0.0001222 -0.0002966 -0.0007142 -0.0009496 
0.0003067 -0.0009410 0.0001325 0.0002938 -0.0000420 0.0003173 0.0009303 0.0007515 
-0.0000638 0.0009892 -0.0002009 -0.0002544 -0.0000375 -0.0003202 -0.0010890 -0.0004996 
-0.0001873 -0.0009863 0.0002546 0.0001963 0.0001136 0.0002985 0.0011823 0.0002185 
0.0004324 0.0009028 -0.0002974 -0.0001279 -0.0001879 -0.0002620 -0.0011981 0.0000753 
-0.0006573 -0.0007716 0.0003190 0.0000541 0.0002446 0.0002093 0.0011427 -0.0003692 
0.0008301 0.0005779 -0.0003223 0.0000274 -0.0002891 -0.0001388 -0.0010256 0.0006336 
-0.0009592 -0.0003479 0.0003076 -0.0001050 0.0003171 0.0000644 0.0008402 -0.0008680 
0.0010250 0.0000975 -0.0002724 0.0001747 -0.0003211 0.0000147 -0.0006093 0.0010490 
-0.0010260 0.0001609 0.0002208 -0.0002381 0.0003078 -0.0000967 0.0003409 -0.0011699 
0.0009500 -0.0004158 -0.0001583 0.0002853 -0.0002764 0.0001691 -0.0000454 0.0012220 
-0.0008277 0.0006464 0.0000815 -0.0003135 0.0002227 -0.0002306 -0.0002544 -0.0012023 
0.0006341 -0.0008433 -0.0000029 0.0003265 -0.0001608 0.0002821 0.0005410 0.0011008 
-0.0004038 0.0009909 -0.0000743 -0.0003164 0.0000876 -0.0003104 -0.0007972 -0.0009380 
0.0001360 -0.0010650 0.0001517 0.0002887 -0.0000049 0.0003234 0.0009967 0.0007211 
0.0001435 0.0010755 -0.0002169 -0.0002446 -0.0000727 -0.0003168 -0.0011466 -0.0004585 
-0.0004086 -0.0010117 0.0002677 0.0001837 0.0001476 0.0002868 0.0012255 0.0001730 
0.0006492 0.0008796 -0.0003068 -0.0001128 -0.0002169 -0.0002426 -0.0012331 0.0001217 
-0.0008561 -0.0006803 0.0003251 0.0000370 0.0002685 0.0001838 0.0011722 -0.0004182 
0.0010041 0.0004529 -0.0003229 0.0000459 -0.0003044 -0.0001084 -0.0010436 0.0006900 
-0.0010929 -0.0001774 0.0003051 -0.0001220 0.0003250 0.0000331 0.0008435 -0.0009270 
0.0011095 -0.0001040 -0.0002644 0.0001902 -0.0003202 0.0000467 -0.0005975 0.0011113 
-0.0010518 0.0003847 0.0002113 -0.0002513 0.0003009 -0.0001270 0.0003158 -0.0012202 
0.0009275 -0.0006441 -0.0001457 0.0002936 -0.0002626 0.0001938 -0.0000111 0.0012624 
-0.0007362 0.0008532 0.0000688 -0.0003182 0.0002044 -0.0002515 -0.0002898 -0.0012306 
0.0004945 -0.0010046 0.0000100 0.0003282 -0.0001384 0.0002969 0.0005722 0.0011245 
-0.0002108 0.0011025 -0.0000863 -0.0003155 0.0000634 -0.0003202 -0.0008256 -0.0009594 
-0.0000725 -0.0011170 0.0001629 0.0002843 0.0000206 0.0003255 0.0010332 0.0007383 
0.0003546 0.0010604 -0.0002254 -0.0002400 -0.0000959 -0.0003137 -0.0011908 -0.0004697 
-0.0006084 -0.0009432 0.0002740 0.0001759 0.0001683 0.0002779 0.0012757 0.0001702 
0.0008193 0.0007571 -0.0003112 -0.0001062 -0.0002339 -0.0002308 -0.0012785 0.0001408 
-0.0009867 -0.0005231 0.0003259 0.0000300 0.0002794 0.0001687 0.0012112 -0.0004452 
0.0010750 0.0002568 -0.0003221 0.0000510 -0.0003118 -0.0000930 -0.0010704 0.0007201 
-0.0010933 0.0000328 0.0003030 -0.0001257 0.0003280 0.0000170 0.0008619 -0.0009515 
0.0010498 -0.0003135 -0.0002632 0.0001923 -0.0003201 0.0000615 -0.0006152 0.0011338 
-0.0009233 0.0005633 0.0002091 -0.0002529 0.0002962 -0.0001409 0.0003288 -0.0012478 
0.0007421 -0.0007754 -0.0001456 0.0002937 -0.0002554 0.0002046 -0.0000226 0.0012990 
-0.0005199 0.0009338 0.0000685 -0.0003183 0.0001955 -0.0002602 -0.0002846 -0.0012729 
0.0002657 -0.0010161 0.0000077 0.0003277 -0.0001297 0.0003022 0.0005858 0.0011662 
0.0000062 0.0010444 -0.0000843 -0.0003149 0.0000541 -0.0003212 -0.0008519 -0.0009964 
-0.0002681 -0.0009928 0.0001596 0.0002851 0.0000279 0.0003252 0.0010654 0.0007631 
0.0005186 0.0008775 -0.0002217 -0.0002415 -0.0001027 -0.0003115 -0.0012161 -0.0004791 
-0.0007231 -0.0007194 0.0002710 0.0001802 0.0001736 0.0002757 0.0012990 0.0001765 
0.0008712 0.0004963 -0.0003096 -0.0001109 -0.0002389 -0.0002271 -0.0013016 0.0001386 
-0.0009620 -0.0002475 0.0003251 0.0000362 0.0002828 0.0001643 0.0012375 -0.0004431 
0.0009829 -0.0000034 -0.0003236 0.0000455 -0.0003151 -0.0000886 -0.0010985 0.0007213 
-0.0009265 0.0002583 0.0003057 -0.0001193 0.0003290 0.0000134 0.0008925 -0.0009710 
0.0008265 -0.0004852 -0.0002670 0.0001880 -0.0003200 0.0000662 -0.0006385 0.0011582 
-0.0006572 0.0006737 0.0002145 -0.0002497 0.0002957 -0.0001442 0.0003390 -0.0012795 
0.0004543 -0.0008262 -0.0001510 0.0002922 -0.0002546 0.0002084 -0.0000149 0.0013257 
-0.0002356 0.0009060 0.0000748 -0.0003189 0.0001946 -0.0002634 -0.0003018 -0.0012920 
-0.0000157 -0.0009261 0.0000027 0.0003316 -0.0001277 0.0003068 0.0006043 0.0011785 
0.0002577 0.0008865 -0.0000804 -0.0003186 0.0000504 -0.0003251 -0.0008642 -0.0010018 
-0.0004699 -0.0007841 0.0001585 0.0002906 0.0000327 0.0003295 0.0010741 0.0007640 
0.0006631 0.0006168 -0.0002212 -0.0002457 -0.0001080 -0.0003134 -0.0012317 -0.0004834 
-0.0007948 -0.0004313 0.0002742 0.0001840 0.0001818 0.0002755 0.0013136 0.0001786 
0.0008720 0.0001994 -0.0003140 -0.0001132 -0.0002464 -0.0002255 -0.0013181 0.0001450 
-0.0009055 0.0000300 0.0003305 0.0000359 0.0002909 0.0001600 0.0012507 -0.0004631 
0.0008566 -0.0002482 -0.0003292 0.0000474 -0.0003217 -0.0000828 -0.0011010 0.0007480 
-0.0007603 0.0004644 0.0003118 -0.0001245 0.0003364 0.0000045 0.0008870 -0.0009938 
0.0006233 -0.0006473 -0.0002696 0.0001952 -0.0003241 0.0000780 -0.0006196 0.0011702 
-0.0004315 0.0007785 0.0002153 -0.0002595 0.0002978 -0.0001580 0.0003166 -0.0012803 
0.0002081 -0.0008820 -0.0001471 0.0003016 -0.0002511 0.0002227 -0.0000023 0.0013219 
0.0000101 0.0008991 0.0000673 -0.0003290 0.0001864 -0.0002795 -0.0003116 -0.0012811 
-0.0002505 -0.0008686 0.0000136 0.0003390 -0.0001147 0.0003199 0.0006126 0.0011688 
0.0004546 0.0007913 -0.0000948 -0.0003235 0.0000330 -0.0003352 -0.0008773 -0.0009944 
-0.0006326 -0.0006437 0.0001739 0.0002906 0.0000530 0.0003342 0.0010879 0.0007491 
0.0007817 0.0004659 -0.0002383 -0.0002427 -0.0001308 -0.0003144 -0.0012388 -0.0004649 
-0.0008790 -0.0002690 0.0002896 0.0001737 0.0002058 0.0002693 0.0013071 0.0001482 
0.0009130 0.0000349 -0.0003275 -0.0000992 -0.0002688 -0.0002127 -0.0013010 0.0001758 
-0.0009204 0.0001994 0.0003395 0.0000161 0.0003099 0.0001393 0.0012199 -0.0004784 
0.0008379 -0.0004092 -0.0003335 0.0000697 -0.0003370 -0.0000556 -0.0010635 0.0007528 
-0.0007155 0.0006194 0.0003088 -0.0001475 0.0003424 -0.0000273 0.0008503 -0.0009875 
0.0005544 -0.0007704 -0.0002607 0.0002177 -0.0003218 0.0001119 -0.0005945 0.0011592 
-0.0003365 0.0008804 0.0001995 -0.0002779 0.0002845 -0.0001910 0.0002927 -0.0012621 
0.0001146 -0.0009488 -0.0001274 0.0003161 -0.0002303 0.0002523 0.0000182 0.0012959 
0.0001068 0.0009493 0.0000427 -0.0003369 0.0001565 -0.0003034 -0.0003350 -0.0012478 
-0.0003452 -0.0008928 0.0000389 0.0003401 -0.0000785 0.0003347 0.0006288 0.0011283 
0.0005517 0.0008083 -0.0001214 -0.0003171 -0.0000089 -0.0003402 -0.0008749 -0.0009390 
-0.0007253 -0.0006433 0.0001973 0.0002774 0.0000959 0.0003288 0.0010707 0.0006934 
0.0008757 0.0004572 -0.0002560 -0.0002224 -0.0001723 -0.0002954 -0.0012023 -0.0004158 
-0.0009519 -0.0002393 0.0003013 0.0001499 0.0002413 0.0002389 0.0012584 0.0001187 
0.0009826 -0.0000124 -0.0003307 -0.0000721 -0.0002955 -0.0001714 -0.0012439 0.0001917 
-0.0009646 0.0002446 0.0003343 -0.0000092 0.0003242 0.0000932 0.0011581 -0.0004823 
0.0008726 -0.0004583 -0.0003212 0.0000934 -0.0003386 -0.0000056 -0.0010054 0.0007502 
-0.0007319 0.0006664 0.0002901 -0.0001652 0.0003295 -0.0000767 0.0007945 -0.0009697 
0.0005757 -0.0008166 -0.0002378 0.0002307 -0.0002957 0.0001580 -0.0005304 0.0011257 
-0.0003514 0.0009260 0.0001738 -0.0002823 0.0002478 -0.0002289 0.0002362 -0.0012145 
0.0001281 -0.0009991 -0.0001014 0.0003115 -0.0001826 0.0002793 0.0000621 0.0012308 
0.0001124 0.0009868 0.0000197 -0.0003250 0.0001028 -0.0003166 -0.0003546 -0.0011674 
-0.0003614 -0.0009378 0.0000580 0.0003207 -0.0000208 0.0003327 0.0006272 0.0010419 
0.0005727 0.0008338 -0.0001314 -0.0002919 -0.0000619 -0.0003215 -0.0008543 -0.0008541 
-0.0007468 -0.0006604 0.0002002 0.0002511 0.0001431 0.0002968 0.0010359 0.0006238 
0.0008957 0.0004609 -0.0002494 -0.0001962 -0.0002088 -0.0002512 -0.0011497 -0.0003558 
-0.0009631 -0.0002539 0.0002880 0.0001274 0.0002652 0.0001868 0.0011970 0.0000602 
0.0009933 -0.0000018 -0.0003100 -0.0000552 -0.0003038 -0.0001163 -0.0011728 0.0002329 
-0.0009730 0.0002253 0.0003086 -0.0000198 0.0003179 0.0000364 0.0010723 -0.0005078 
0.0008758 -0.0004550 -0.0002935 0.0000947 -0.0003169 0.0000468 -0.0009078 0.0007501 
-0.0007499 0.0006611 0.0002622 -0.0001593 0.0002950 -0.0001222 0.0006969 -0.0009446 
0.0005739 -0.0008152 -0.0002116 0.0002141 -0.0002495 0.0001902 -0.0004428 0.0010793 
-0.0003448 0.0009191 0.0001554 -0.0002597 0.0001958 -0.0002469 0.0001719 -0.0011502 
0.0001146 -0.0009909 -0.0000898 0.0002830 -0.0001277 0.0002828 0.0001087 0.0011474 
0.0001059 0.0009626 0.0000189 -0.0002948 0.0000509 -0.0003056 -0.0003878 -0.0010873 
-0.0003545 -0.0009041 0.0000497 0.0002912 0.0000233 0.0003081 0.0006383 0.0009590 
0.0005450 0.0007988 -0.0001160 -0.0002662 -0.0000984 -0.0002875 -0.0008470 -0.0007674 
-0.0007204 -0.0006309 0.0001769 0.0002310 0.0001674 0.0002549 0.0010074 0.0005319 
0.0008575 0.0004521 -0.0002227 -0.0001834 -0.0002217 -0.0002061 -0.0011033 -0.0002748 
-0.0009272 -0.0002353 0.0002572 0.0001223 0.0002637 0.0001404 0.0011324 -0.0000043 
0.0009493 -0.0000163 -0.0002801 -0.0000602 -0.0002900 -0.0000744 -0.0010918 0.0002708 
-0.0009345 0.0002349 0.0002811 -0.0000063 0.0002943 0.0000011 0.0009816 -0.0005265 
0.0008188 -0.0004369 -0.0002717 0.0000728 -0.0002859 0.0000719 -0.0008322 0.0007477 
-0.0006872 0.0006385 0.0002490 -0.0001317 0.0002600 -0.0001350 0.0006264 -0.0009221 
0.0005141 -0.0007665 -0.0002072 0.0001865 -0.0002150 0.0001938 -0.0003797 0.0010452 
-0.0003045 0.0008664 0.0001591 -0.0002313 0.0001636 -0.0002404 0.0001141 -0.0011036 
0.0001020 -0.0009182 -0.0001023 0.0002596 -0.0001021 0.0002691 0.0001512 0.0010971 
0.0001171 0.0008945 0.0000357 -0.0002764 0.0000305 -0.0002851 -0.0004130 -0.0010273 
-0.0003504 -0.0008370 0.0000275 0.0002789 0.0000352 0.0002841 0.0006399 0.0008906 
0.0005236 0.0007443 -0.0000919 -0.0002611 -0.0001015 -0.0002634 -0.0008370 -0.0007008 
-0.0006810 -0.0005567 0.0001515 0.0002339 0.0001625 0.0002330 0.0009766 0.0004901 
0.0008091 0.0003825 -0.0002004 -0.0001953 -0.0002087 -0.0001887 -0.0010609 -0.0002434 
-0.0008509 -0.0001740 0.0002420 0.0001396 0.0002484 0.0001300 0.0010883 -0.0000201 
0.0008686 -0.0000459 -0.0002707 -0.0000815 -0.0002728 -0.0000705 -0.0010519 0.0002766 
-0.0008277 0.0002351 0.0002812 0.0000172 0.0002792 0.0000059 0.0009554 -0.0005180 
0.0007223 -0.0004194 -0.0002795 0.0000532 -0.0002739 0.0000643 -0.0008076 0.0007291 
-0.0006030 0.0005976 0.0002617 -0.0001149 0.0002518 -0.0001232 0.0006040 -0.0008937 
0.0004511 -0.0007003 -0.0002251 0.0001750 -0.0002128 0.0001793 -0.0003689 0.0010197 
-0.0002322 0.0007940 0.0001795 -0.0002250 0.0001670 -0.0002258 0.0001268 -0.0010688 
0.0000488 -0.0008301 -0.0001241 0.0002602 -0.0001104 0.0002557 0.0001297 0.0010646 
0.0001603 0.0007917 0.0000566 -0.0002853 0.0000445 -0.0002768 -0.0003750 -0.0010104 
-0.0003481 -0.0007306 0.0000106 0.0002936 0.0000186 0.0002809 0.0006001 0.0008908 
0.0004951 0.0006140 -0.0000789 -0.0002828 -0.0000832 -0.0002667 -0.0007932 -0.0007279 
-0.0006231 -0.0004514 0.0001486 0.0002587 0.0001482 0.0002424 0.0009397 0.0005239 
0.0007260 0.0003006 -0.0002039 -0.0002183 -0.0001984 -0.0002018 -0.0010369 -0.0002826 
-0.0007412 -0.0001176 0.0002533 0.0001621 0.0002419 0.0001477 0.0010853 0.0000308 
0.0007645 -0.0000963 -0.0002868 -0.0000982 -0.0002719 -0.0000889 -0.0010517 0.0002177 
-0.0007192 0.0002539 0.0003009 0.0000284 0.0002829 0.0000225 0.0009700 -0.0004588 
0.0006104 -0.0004316 -0.0003027 0.0000463 -0.0002839 0.0000476 -0.0008449 0.0006721 
-0.0004896 0.0005641 0.0002853 -0.0001156 0.0002662 -0.0001111 0.0006638 -0.0008478 
0.0003192 -0.0006463 -0.0002492 0.0001808 -0.0002303 0.0001711 -0.0004491 0.0009812 
-0.0001336 0.0007047 0.0002007 -0.0002396 0.0001865 -0.0002261 0.0002115 -0.0010562 
-0.0000200 -0.0007192 -0.0001391 0.0002792 -0.0001278 0.0002618 0.0000477 0.0010840 
0.0001984 0.0006541 0.0000663 -0.0003075 0.0000594 -0.0002874 -0.0002922 -0.0010551 
-0.0003677 -0.0006081 0.0000088 0.0003168 0.0000087 0.0002960 0.0005330 0.0009493 
0.0004781 0.0004990 -0.0000839 -0.0003023 -0.0000801 -0.0002819 -0.0007409 -0.0007986 
-0.0005956 -0.0003481 0.0001556 0.0002774 0.0001482 0.0002591 0.0009069 0.0006120 
0.0006544 0.0001963 -0.0002161 -0.0002329 -0.0002046 -0.0002168 -0.0010277 -0.0003855 
-0.0006641 -0.0000146 0.0002658 0.0001730 0.0002512 0.0001578 0.0010898 0.0001356 
0.0006562 -0.0001619 -0.0003020 -0.0001064 -0.0002866 -0.0000963 -0.0010902 0.0001217 
-0.0005911 0.0002916 0.0003177 0.0000312 0.0003000 0.0000233 0.0010459 -0.0003799 
0.0004745 -0.0004347 -0.0003180 0.0000473 -0.0002988 0.0000531 -0.0009376 0.0006074 
-0.0003835 0.0005339 0.0002991 -0.0001218 0.0002795 -0.0001220 0.0007646 -0.0008186 
0.0002362 -0.0005879 -0.0002566 0.0001893 -0.0002368 0.0001878 -0.0005487 0.0009793 
-0.0000791 0.0006410 0.0002071 -0.0002467 0.0001892 -0.0002431 0.0003096 -0.0010861 
-0.0000693 -0.0006284 -0.0001415 0.0002866 -0.0001237 0.0002796 -0.0000452 0.0011313 
0.0002320 0.0005890 0.0000668 -0.0003120 0.0000474 -0.0003019 -0.0002249 -0.0011111 
-0.0003777 -0.0005289 0.0000059 0.0003203 0.0000230 0.0003082 0.0004842 0.0010288 
0.0004747 0.0004093 -0.0000837 -0.0003075 -0.0001003 -0.0002908 -0.0007190 -0.0008989 
-0.0005681 -0.0002733 0.0001558 0.0002802 0.0001721 0.0002598 0.0009053 0.0007052 
0.0005972 0.0001503 -0.0002169 -0.0002361 -0.0002276 -0.0002114 -0.0010617 -0.0004720 
-0.0006056 0.0000030 0.0002670 0.0001729 0.0002750 0.0001439 0.0011482 0.0001991 
0.0005921 -0.0001444 -0.0003006 -0.0001072 -0.0003041 -0.0000763 -0.0011681 0.0000789 
-0.0005342 0.0002829 0.0003149 0.0000320 0.0003105 -0.0000016 0.0011141 -0.0003564 
0.0004573 -0.0003981 -0.0003121 0.0000471 -0.0003015 0.0000836 -0.0009995 0.0006220 
-0.0003592 0.0005046 0.0002936 -0.0001149 0.0002754 -0.0001490 0.0008277 -0.0008432 
0.0002154 -0.0005553 -0.0002551 0.0001832 -0.0002272 0.0002151 -0.0006031 0.0010226 
-0.0000769 0.0006034 0.0002055 -0.0002379 0.0001688 -0.0002671 0.0003402 -0.0011297 
-0.0000501 -0.0005797 -0.0001449 0.0002783 -0.0000987 0.0002973 -0.0000582 0.0011950 
0.0001972 0.0005404 0.0000697 -0.0003068 0.0000171 -0.0003163 -0.0002418 -0.0011787 
-0.0003056 -0.0004830 0.0000025 0.0003134 0.0000564 0.0003114 0.0005181 0.0010859 
0.0004124 0.0003936 -0.0000782 -0.0003013 -0.0001331 -0.0002835 -0.0007721 -0.0009189 
-0.0004848 -0.0003052 0.0001503 0.0002734 0.0002049 0.0002440 0.0009853 0.0007129 
0.0005458 0.0001850 -0.0002064 -0.0002315 -0.0002514 -0.0001894 -0.0011254 -0.0004573 
-0.0005633 -0.0000428 0.0002561 0.0001729 0.0002923 0.0001171 0.0011985 0.0001621 
0.0005613 -0.0000919 -0.0002905 -0.0001088 -0.0003152 -0.0000438 -0.0012011 0.0001426 
-0.0005173 0.0002167 0.0003049 0.0000382 0.0003106 -0.0000343 0.0011345 -0.0004238 
0.0004293 -0.0003335 -0.0003105 0.0000407 -0.0002994 0.0001163 -0.0010065 0.0007060 
-0.0003431 0.0004234 0.0002890 -0.0001109 0.0002596 -0.0001807 0.0007952 -0.0009229 
0.0002414 -0.0004926 -0.0002529 0.0001777 -0.0002027 0.0002398 -0.0005268 0.0010974 
-0.0001222 0.0005271 0.0002027 -0.0002369 0.0001400 -0.0002890 0.0002571 -0.0012044 
0.0000009 -0.0005410 -0.0001407 0.0002743 -0.0000674 0.0003068 0.0000487 0.0012177 
0.0001384 0.0005182 0.0000682 -0.0002990 -0.0000152 -0.0003144 -0.0003574 -0.0011621 
-0.0002601 -0.0004685 0.0000037 0.0003082 0.0000884 0.0003055 0.0006334 0.0010309 
0.0003777 0.0003890 -0.0000757 -0.0002944 -0.0001602 -0.0002661 -0.0008624 -0.0008401 
-0.0004601 -0.0002655 0.0001498 0.0002744 0.0002274 0.0002263 0.0010502 0.0006168 
0.0005148 0.0001432 -0.0002082 -0.0002270 -0.0002688 -0.0001601 -0.0011519 -0.0003242 
-0.0005293 -0.0000226 0.0002580 0.0001690 0.0003009 0.0000846 0.0012057 0.0000151 
0.0005028 -0.0001256 -0.0002960 -0.0001019 -0.0003195 -0.0000118 -0.0011728 0.0002620 
-0.0004561 0.0002254 0.0003056 0.0000255 0.0003016 -0.0000670 0.0010407 -0.0005457 
0.0003789 -0.0003490 -0.0003030 0.0000508 -0.0002780 0.0001430 -0.0008784 0.0007913 
-0.0002775 0.0004408 0.0002833 -0.0001198 0.0002379 -0.0002006 0.0006437 -0.0009761 
0.0001620 -0.0005084 -0.0002400 0.0001851 -0.0001708 0.0002539 -0.0003675 0.0011011 
0.0000008 0.0005407 0.0001953 -0.0002417 0.0001125 -0.0002931 0.0001137 -0.0011486 
-0.0001343 -0.0005391 -0.0001269 0.0002785 -0.0000342 0.0003039 0.0001901 0.0011210 
0.0002499 0.0004742 0.0000540 -0.0003016 -0.0000469 -0.0003037 -0.0004580 -0.0010513 
-0.0004090 -0.0003856 0.0000192 0.0003120 0.0001136 0.0002885 0.0006772 0.0008911 
0.0004592 0.0002685 -0.0000978 -0.0002881 -0.0001824 -0.0002373 -0.0008901 -0.0006644 
-0.0005502 -0.0001483 0.0001653 0.0002564 0.0002376 0.0001887 0.0010074 0.0004407 
0.0005816 -0.0000013 -0.0002220 -0.0002093 -0.0002702 -0.0001286 -0.0010806 -0.0001636 
-0.0005730 0.0001483 0.0002657 0.0001405 0.0002936 0.0000466 0.0010759 -0.0001111 
0.0005424 -0.0003067 -0.0002927 -0.0000807 -0.0002981 0.0000157 -0.0009890 0.0003358 
-0.0004582 0.0004416 0.0002989 0.0000040 0.0002761 -0.0000917 0.0008594 -0.0005859 
0.0003220 -0.0005503 -0.0002912 0.0000712 -0.0002481 0.0001620 -0.0007088 0.0007491 
-0.0001651 0.0006611 0.0002700 -0.0001374 0.0002046 -0.0002075 0.0004655 -0.0008709 
-0.0000159 -0.0006537 -0.0002173 0.0002019 -0.0001306 0.0002535 -0.0002124 0.0009762 
0.0001757 0.0006797 0.0001628 -0.0002496 0.0000698 -0.0002803 -0.0000021 -0.0009662 
-0.0003300 -0.0006313 -0.0000971 0.0002760 -0.0000022 0.0002780 0.0002463 0.0009258 
0.0004972 0.0005133 0.0000166 -0.0002953 -0.0000795 -0.0002749 -0.0004553 -0.0008389 
-0.0006087 -0.0004399 0.0000408 0.0002843 0.0001240 0.0002418 0.0005991 0.0006396 
0.0006995 0.0002580 -0.0001133 -0.0002613 -0.0001867 -0.0001956 -0.0007563 -0.0004846 
-0.0007669 -0.0000660 0.0001752 0.0002233 0.0002342 0.0001476 0.0007833 0.0002990 
0.0007949 -0.0001067 -0.0002182 -0.0001813 -0.0002462 -0.0000904 -0.0008069 -0.0000596 
-0.0007460 0.0003430 0.0002577 0.0001117 0.0002613 0.0000096 0.0008240 -0.0001273 
0.0006745 -0.0004773 -0.0002792 -0.0000463 -0.0002599 0.0000496 -0.0007144 0.0002977 
-0.0005472 0.0006273 0.0002706 -0.0000211 0.0002222 -0.0001057 0.0006194 -0.0004622 
0.0003645 -0.0007563 -0.0002664 0.0000988 -0.0002007 0.0001719 -0.0004919 0.0005574 
-0.0002351 0.0008039 0.0002213 -0.0001375 0.0001418 -0.0001841 0.0002601 -0.0006299 
0.0000153 -0.0008440 -0.0001746 0.0001923 -0.0000821 0.0002263 -0.0001366 0.0006874 
0.0001757 0.0008731 0.0001200 -0.0002298 0.0000324 -0.0002429 -0.0000370 -0.0005922 
-0.0003114 -0.0008326 -0.0000708 0.0002371 0.0000206 0.0002151 0.0002024 0.0005465 
0.0006101 0.0007792 0.0000009 -0.0002570 -0.0000926 -0.0002158 -0.0002744 -0.0005484 
-0.0006721 -0.0006180 0.0000599 0.0002466 0.0001302 0.0001847 0.0003724 0.0003667 
0.0008147 0.0004568 -0.0001189 -0.0002016 -0.0001681 -0.0001169 -0.0004354 -0.0002728 
-0.0009308 -0.0002568 0.0001721 0.0001922 0.0002038 0.0001037 0.0003843 0.0001986 
0.0008771 0.0000684 -0.0001812 -0.0001197 -0.0001757 -0.0000261 -0.0004296 0.0000269 
-0.0008850 0.0001144 0.0002071 0.0000634 0.0001885 -0.0000298 0.0003908 -0.0000429 
0.0008798 -0.0003481 -0.0002195 -0.0000101 -0.0001819 0.0000557 -0.0002441 0.0002031 
-0.0008388 0.0003576 0.0001751 -0.0000228 0.0001109 -0.0000844 0.0001607 -0.0002160 
0.0008631 -0.0006986 -0.0001928 0.0000807 -0.0001228 0.0001400 -0.0001750 0.0000958 
