%19-Mar-2019 15:05:27
%Comment: Enter a comment
%--------------------------------------------- 
%                   Setup 
%--------------------------------------------- 
%Number of measurements stored in this file: 1
%Center Frequency: 1.5GHz
%Center Frequency: 1.5GHz
%Number of Averages: 1 
%Start Pos: 0 degrees
%Stop Pos: 0 degrees
%Polarizations in order: VVVHHVHH 
%Columns of real and imaginary data. Col 1 = real, col 2 = imaginary. If more than 2 columns, odd columns are real and even columns are imaginary. 
%Az: 0 ================== 
0.0006940 0.0003887 -0.0002999 -0.0000904 -0.0002049 -0.0002967 -0.0012569 0.0007660 
-0.0014517 -0.0006704 0.0001551 -0.0000283 0.0000988 0.0001631 0.0004908 -0.0012268 
0.0014057 0.0004810 -0.0001323 0.0000983 -0.0001434 -0.0000963 -0.0002033 0.0011994 
-0.0015033 -0.0000264 0.0001115 -0.0000961 0.0001580 0.0000927 -0.0001592 -0.0011243 
0.0013863 -0.0002450 -0.0000421 0.0001009 -0.0001234 -0.0000381 0.0003576 0.0009598 
-0.0011135 0.0005486 0.0000456 -0.0001239 0.0001608 -0.0000053 -0.0005349 -0.0007218 
0.0007638 -0.0007908 -0.0000283 0.0000919 -0.0001433 0.0000031 0.0006246 0.0005215 
-0.0006214 0.0008227 -0.0000139 -0.0000999 0.0001070 -0.0000492 -0.0005659 -0.0003797 
0.0001036 -0.0006958 -0.0000015 0.0001314 -0.0001321 0.0001029 0.0004865 0.0002582 
-0.0001314 0.0008708 -0.0000445 -0.0000714 0.0000720 -0.0000658 -0.0005915 -0.0000481 
0.0000464 -0.0007078 0.0000786 0.0000600 -0.0000354 0.0000894 0.0005361 -0.0000776 
0.0001947 0.0007311 -0.0000686 -0.0000423 0.0000366 -0.0000922 -0.0004617 0.0001981 
-0.0002532 -0.0006751 0.0000734 -0.0000075 0.0000026 0.0000645 0.0003724 -0.0002851 
0.0003970 0.0004579 -0.0000741 -0.0000051 -0.0000194 -0.0000875 -0.0002365 0.0003055 
-0.0005578 -0.0002813 0.0000448 -0.0000074 0.0000148 0.0000707 0.0001498 -0.0003280 
0.0004901 0.0001532 -0.0000468 0.0000293 -0.0000405 -0.0000467 -0.0000715 0.0002339 
-0.0004371 0.0001847 0.0000550 -0.0000072 0.0000601 0.0000675 -0.0000097 -0.0001405 
0.0004154 -0.0000977 -0.0000217 0.0000366 -0.0000375 -0.0000245 0.0000145 0.0002078 
-0.0002502 0.0001272 0.0000189 -0.0000519 0.0000517 0.0000048 -0.0000316 -0.0001669 
0.0002397 -0.0002044 -0.0000056 0.0000377 -0.0000457 -0.0000085 0.0000680 0.0001540 
-0.0001935 0.0001604 -0.0000235 -0.0000413 0.0000275 -0.0000147 -0.0000732 -0.0001273 
0.0000567 -0.0002201 0.0000080 0.0000329 -0.0000397 0.0000157 0.0000770 0.0000871 
0.0000035 0.0002942 -0.0000160 -0.0000096 0.0000265 -0.0000089 -0.0000782 -0.0000861 
-0.0000524 -0.0001859 0.0000243 0.0000116 -0.0000127 0.0000227 0.0000225 0.0000500 
0.0002317 0.0001787 0.0000007 -0.0000114 0.0000321 -0.0000266 0.0000027 -0.0000174 
-0.0001428 -0.0000945 0.0000168 -0.0000049 -0.0000031 0.0000107 0.0000443 0.0000746 
0.0001343 -0.0000578 -0.0000226 0.0000006 -0.0000061 -0.0000202 -0.0000447 -0.0000854 
-0.0001281 0.0000496 0.0000073 -0.0000068 -0.0000030 0.0000115 0.0000757 0.0000813 
0.0000302 -0.0000826 -0.0000125 0.0000221 -0.0000111 -0.0000024 -0.0001012 -0.0000808 
-0.0000410 0.0001526 0.0000013 -0.0000047 0.0000041 0.0000119 0.0001071 0.0000598 
0.0000654 -0.0001120 0.0000148 0.0000072 0.0000038 -0.0000032 -0.0001477 -0.0000451 
0.0000494 0.0001359 -0.0000079 -0.0000060 0.0000050 -0.0000019 0.0001302 0.0000385 
0.0000082 -0.0002292 0.0000108 -0.0000227 -0.0000004 -0.0000213 -0.0000918 -0.0000207 
0.0001130 0.0001000 -0.0000125 0.0000046 -0.0000071 -0.0000046 0.0001628 -0.0000408 
-0.0002120 -0.0000721 0.0000010 -0.0000024 0.0000001 0.0000045 -0.0001588 0.0000678 
0.0001917 0.0000187 -0.0000023 0.0000122 -0.0000075 0.0000065 0.0001491 -0.0001304 
-0.0002068 0.0000783 0.0000074 -0.0000044 0.0000110 0.0000026 -0.0001268 0.0001569 
0.0002137 -0.0000873 0.0000084 0.0000126 -0.0000014 0.0000084 0.0000705 -0.0001839 
-0.0001373 0.0000916 -0.0000076 -0.0000208 0.0000067 -0.0000166 -0.0000343 0.0002207 
0.0001173 -0.0001895 0.0000105 0.0000088 -0.0000054 0.0000092 -0.0000148 -0.0001954 
-0.0001202 0.0001418 -0.0000305 -0.0000079 -0.0000129 -0.0000138 0.0000746 0.0001740 
0.0000122 -0.0002094 0.0000171 0.0000053 -0.0000019 0.0000175 -0.0001151 -0.0001824 
-0.0000016 0.0002592 -0.0000154 0.0000085 -0.0000019 -0.0000104 0.0001554 0.0001455 
-0.0000667 -0.0002098 0.0000195 -0.0000086 0.0000140 0.0000153 -0.0001963 -0.0001070 
0.0001612 0.0002174 -0.0000058 0.0000080 -0.0000052 -0.0000119 0.0002147 0.0000593 
-0.0001548 -0.0001868 0.0000135 -0.0000198 0.0000158 0.0000019 -0.0002166 0.0000057 
0.0001746 0.0000738 -0.0000152 0.0000161 -0.0000208 -0.0000057 0.0002256 -0.0000471 
-0.0002240 -0.0000584 0.0000026 -0.0000183 0.0000138 0.0000011 -0.0001805 0.0001044 
0.0001609 0.0000172 -0.0000030 0.0000318 -0.0000193 0.0000151 0.0001407 -0.0001712 
-0.0002015 0.0000508 -0.0000039 -0.0000189 0.0000170 -0.0000040 -0.0001142 0.0001800 
0.0002086 -0.0000626 0.0000164 0.0000160 -0.0000088 0.0000084 0.0000556 -0.0001993 
-0.0001620 0.0001060 -0.0000152 -0.0000170 0.0000122 -0.0000167 -0.0000121 0.0002090 
0.0001435 -0.0001747 0.0000165 0.0000037 -0.0000068 0.0000103 -0.0000479 -0.0001966 
-0.0000996 0.0001582 -0.0000234 -0.0000083 -0.0000008 -0.0000181 0.0000955 0.0001769 
-0.0000103 -0.0001738 0.0000173 0.0000073 -0.0000017 0.0000203 -0.0001168 -0.0001505 
0.0000126 0.0001936 -0.0000188 0.0000032 -0.0000039 -0.0000136 0.0001601 0.0000997 
-0.0000677 -0.0001193 0.0000267 -0.0000015 0.0000162 0.0000178 -0.0001955 -0.0000573 
0.0001045 0.0001273 -0.0000156 0.0000080 -0.0000073 -0.0000141 0.0001824 0.0000143 
-0.0000930 -0.0001095 0.0000125 -0.0000184 0.0000116 0.0000055 -0.0001795 0.0000411 
0.0001162 0.0000625 -0.0000127 0.0000148 -0.0000179 -0.0000085 0.0001576 -0.0000790 
-0.0001510 -0.0000423 0.0000005 -0.0000162 0.0000116 0.0000017 -0.0001286 0.0001224 
0.0001161 -0.0000052 -0.0000060 0.0000196 -0.0000178 0.0000040 0.0000921 -0.0001452 
-0.0001256 0.0000922 0.0000036 -0.0000142 0.0000171 -0.0000031 -0.0000468 0.0001447 
0.0001065 -0.0000823 0.0000041 0.0000161 -0.0000113 0.0000080 0.0000047 -0.0001596 
-0.0000241 0.0001409 0.0000016 -0.0000206 0.0000171 -0.0000176 0.0000332 0.0001737 
0.0000186 -0.0001322 0.0000080 0.0000123 -0.0000085 0.0000110 -0.0000660 -0.0001364 
0.0000060 0.0001036 -0.0000167 -0.0000105 0.0000006 -0.0000135 0.0001041 0.0001168 
-0.0000558 -0.0000945 0.0000142 0.0000096 -0.0000027 0.0000173 -0.0001236 -0.0000786 
0.0000663 0.0000961 -0.0000159 -0.0000003 -0.0000038 -0.0000118 0.0001465 0.0000483 
-0.0001024 -0.0000497 0.0000175 0.0000031 0.0000080 0.0000155 -0.0001455 -0.0000076 
0.0001584 0.0000488 -0.0000129 -0.0000006 -0.0000069 -0.0000130 0.0001316 -0.0000363 
-0.0001303 -0.0000068 0.0000157 -0.0000060 0.0000118 0.0000075 -0.0001214 0.0000646 
0.0001580 -0.0000648 -0.0000175 0.0000036 -0.0000181 -0.0000096 0.0001047 -0.0000898 
-0.0001349 0.0000812 0.0000101 -0.0000112 0.0000127 0.0000016 -0.0000729 0.0001099 
0.0000850 -0.0001195 -0.0000084 0.0000171 -0.0000141 0.0000053 0.0000448 -0.0001255 
-0.0000576 0.0001604 0.0000057 -0.0000149 0.0000152 -0.0000035 -0.0000096 0.0001326 
0.0000279 -0.0001515 0.0000024 0.0000175 -0.0000096 0.0000112 -0.0000165 -0.0001289 
0.0000272 0.0001746 -0.0000013 -0.0000158 0.0000103 -0.0000139 0.0000516 0.0001204 
-0.0000365 -0.0001903 0.0000045 0.0000113 -0.0000064 0.0000124 -0.0000891 -0.0000983 
0.0000919 0.0001569 -0.0000105 -0.0000125 -0.0000001 -0.0000156 0.0001072 0.0000760 
-0.0001529 -0.0001573 0.0000086 0.0000115 -0.0000006 0.0000181 -0.0001177 -0.0000489 
0.0001768 0.0001191 -0.0000144 -0.0000046 -0.0000081 -0.0000127 0.0001238 0.0000170 
-0.0002029 -0.0000458 0.0000181 0.0000030 0.0000142 0.0000122 -0.0001232 0.0000136 
0.0002408 -0.0000006 -0.0000149 0.0000011 -0.0000128 -0.0000099 0.0001182 -0.0000434 
-0.0002061 0.0000469 0.0000160 -0.0000083 0.0000181 0.0000024 -0.0000996 0.0000605 
0.0002063 -0.0001055 -0.0000120 0.0000086 -0.0000184 -0.0000001 0.0000851 -0.0000892 
-0.0001868 0.0001179 0.0000061 -0.0000118 0.0000148 -0.0000053 -0.0000630 0.0001141 
0.0001398 -0.0001723 -0.0000051 0.0000156 -0.0000151 0.0000119 0.0000311 -0.0001231 
-0.0001176 0.0002102 0.0000018 -0.0000132 0.0000137 -0.0000119 -0.0000033 0.0001231 
0.0000706 -0.0002289 0.0000048 0.0000159 -0.0000051 0.0000187 -0.0000277 -0.0001168 
0.0000112 0.0002434 -0.0000074 -0.0000167 0.0000022 -0.0000227 0.0000553 0.0001061 
-0.0000593 -0.0002580 0.0000117 0.0000113 0.0000032 0.0000184 -0.0000763 -0.0000912 
0.0001163 0.0002069 -0.0000174 -0.0000100 -0.0000115 -0.0000205 0.0000898 0.0000630 
-0.0001672 -0.0001896 0.0000170 0.0000028 0.0000145 0.0000165 -0.0001055 -0.0000462 
0.0001736 0.0001395 -0.0000181 0.0000045 -0.0000193 -0.0000095 0.0001166 0.0000246 
-0.0002138 -0.0000874 0.0000180 -0.0000073 0.0000239 0.0000055 -0.0001185 0.0000069 
0.0002197 0.0000525 -0.0000132 0.0000125 -0.0000210 0.0000001 0.0001098 -0.0000279 
-0.0002277 -0.0000046 0.0000117 -0.0000169 0.0000237 -0.0000088 -0.0000958 0.0000600 
0.0002226 -0.0000710 -0.0000094 0.0000182 -0.0000240 0.0000133 0.0000805 -0.0000809 
-0.0002199 0.0001069 0.0000019 -0.0000201 0.0000156 -0.0000195 -0.0000592 0.0000916 
0.0001584 -0.0001574 0.0000025 0.0000224 -0.0000125 0.0000259 0.0000285 -0.0001036 
-0.0001257 0.0001923 -0.0000097 -0.0000200 0.0000050 -0.0000270 -0.0000095 0.0001068 
0.0000621 -0.0001821 0.0000173 0.0000174 0.0000050 0.0000285 -0.0000107 -0.0001052 
-0.0000114 0.0002030 -0.0000196 -0.0000128 -0.0000112 -0.0000278 0.0000380 0.0001013 
-0.0000243 -0.0001852 0.0000221 0.0000049 0.0000171 0.0000205 -0.0000552 -0.0000884 
0.0000614 0.0001674 -0.0000241 -0.0000010 -0.0000252 -0.0000180 0.0000792 0.0000670 
-0.0001079 -0.0001491 0.0000224 -0.0000035 0.0000272 0.0000133 -0.0000927 -0.0000501 
0.0001213 0.0001266 -0.0000208 0.0000110 -0.0000306 -0.0000015 0.0000946 0.0000244 
-0.0001536 -0.0000717 0.0000181 -0.0000153 0.0000313 -0.0000044 -0.0001062 0.0000037 
0.0001613 0.0000397 -0.0000138 0.0000210 -0.0000278 0.0000129 0.0000955 -0.0000222 
-0.0001396 0.0000199 0.0000078 -0.0000255 0.0000237 -0.0000221 -0.0000853 0.0000403 
0.0001323 -0.0000534 -0.0000011 0.0000252 -0.0000181 0.0000267 0.0000739 -0.0000591 
-0.0000994 0.0000772 -0.0000075 -0.0000239 0.0000067 -0.0000296 -0.0000567 0.0000724 
0.0000663 -0.0000855 0.0000121 0.0000220 -0.0000005 0.0000322 0.0000361 -0.0000883 
-0.0000446 0.0001040 -0.0000164 -0.0000161 -0.0000063 -0.0000287 -0.0000184 0.0000927 
0.0000240 -0.0000826 0.0000215 0.0000116 0.0000173 0.0000267 -0.0000063 -0.0000882 
0.0000156 0.0000945 -0.0000230 -0.0000057 -0.0000219 -0.0000218 0.0000306 0.0000948 
-0.0000297 -0.0000840 0.0000242 -0.0000002 0.0000268 0.0000139 -0.0000458 -0.0000761 
0.0000686 0.0000551 -0.0000242 0.0000070 -0.0000314 -0.0000060 0.0000614 0.0000603 
-0.0000756 -0.0000357 0.0000203 -0.0000130 0.0000306 -0.0000021 -0.0000707 -0.0000465 
0.0000821 0.0000047 -0.0000149 0.0000200 -0.0000275 0.0000140 0.0000799 0.0000272 
-0.0000628 0.0000315 0.0000095 -0.0000222 0.0000245 -0.0000188 -0.0000865 -0.0000084 
0.0000586 -0.0000424 -0.0000007 0.0000228 -0.0000148 0.0000235 0.0000853 -0.0000081 
-0.0000162 0.0000518 -0.0000050 -0.0000231 0.0000091 -0.0000297 -0.0000753 0.0000303 
0.0000129 -0.0000676 0.0000113 0.0000197 -0.0000003 0.0000285 0.0000769 -0.0000471 
0.0000084 0.0000557 -0.0000156 -0.0000164 -0.0000089 -0.0000278 -0.0000551 0.0000586 
-0.0000304 -0.0000706 0.0000201 0.0000119 0.0000167 0.0000256 0.0000366 -0.0000702 
0.0000499 0.0000527 -0.0000224 -0.0000051 -0.0000221 -0.0000188 -0.0000224 0.0000728 
-0.0000648 -0.0000511 0.0000243 -0.0000022 0.0000303 0.0000115 0.0000019 -0.0000776 
0.0000888 0.0000116 -0.0000230 0.0000088 -0.0000307 -0.0000036 0.0000107 0.0000772 
-0.0000840 0.0000062 0.0000188 -0.0000176 0.0000291 -0.0000088 -0.0000257 -0.0000701 
0.0000784 -0.0000533 -0.0000147 0.0000222 -0.0000287 0.0000151 0.0000436 0.0000602 
-0.0000722 0.0000598 0.0000068 -0.0000251 0.0000209 -0.0000225 -0.0000517 -0.0000552 
0.0000395 -0.0000746 0.0000006 0.0000263 -0.0000142 0.0000290 0.0000606 0.0000357 
-0.0000359 0.0000817 -0.0000066 -0.0000258 0.0000072 -0.0000318 -0.0000672 -0.0000188 
0.0000056 -0.0000865 0.0000141 0.0000231 0.0000030 0.0000323 0.0000653 0.0000065 
0.0000094 0.0000832 -0.0000209 -0.0000208 -0.0000120 -0.0000345 -0.0000638 0.0000103 
-0.0000343 -0.0000891 0.0000259 0.0000146 0.0000198 0.0000282 0.0000627 -0.0000192 
0.0000500 0.0000731 -0.0000313 -0.0000061 -0.0000304 -0.0000211 -0.0000534 0.0000310 
-0.0000799 -0.0000608 0.0000325 -0.0000011 0.0000332 0.0000149 0.0000450 -0.0000448 
0.0000822 0.0000429 -0.0000308 0.0000106 -0.0000364 -0.0000032 -0.0000379 0.0000460 
-0.0000848 -0.0000120 0.0000273 -0.0000193 0.0000380 -0.0000062 0.0000231 -0.0000522 
0.0000765 -0.0000001 -0.0000214 0.0000244 -0.0000344 0.0000140 -0.0000091 0.0000560 
-0.0000710 0.0000179 0.0000144 -0.0000302 0.0000291 -0.0000241 0.0000002 -0.0000541 
0.0000553 -0.0000283 -0.0000089 0.0000337 -0.0000261 0.0000303 0.0000121 0.0000511 
-0.0000588 0.0000336 -0.0000005 -0.0000344 0.0000152 -0.0000349 -0.0000174 -0.0000478 
0.0000403 -0.0000404 0.0000097 0.0000353 -0.0000058 0.0000410 0.0000251 0.0000415 
-0.0000420 0.0000562 -0.0000173 -0.0000317 -0.0000026 -0.0000388 -0.0000351 -0.0000357 
0.0000297 -0.0000491 0.0000257 0.0000260 0.0000148 0.0000371 0.0000345 0.0000297 
-0.0000089 0.0000505 -0.0000327 -0.0000191 -0.0000232 -0.0000338 -0.0000409 -0.0000195 
0.0000050 -0.0000395 0.0000348 0.0000100 0.0000288 0.0000257 0.0000450 0.0000092 
0.0000006 0.0000401 -0.0000368 -0.0000006 -0.0000355 -0.0000172 -0.0000430 -0.0000013 
-0.0000052 -0.0000284 0.0000356 -0.0000054 0.0000371 0.0000121 0.0000402 -0.0000081 
-0.0000051 0.0000389 -0.0000323 0.0000150 -0.0000377 0.0000008 -0.0000391 0.0000113 
0.0000021 -0.0000316 0.0000296 -0.0000223 0.0000394 -0.0000089 0.0000349 -0.0000168 
0.0000089 0.0000463 -0.0000225 0.0000276 -0.0000327 0.0000165 -0.0000308 0.0000268 
-0.0000045 -0.0000483 0.0000149 -0.0000331 0.0000283 -0.0000265 0.0000263 -0.0000274 
0.0000150 0.0000400 -0.0000066 0.0000367 -0.0000220 0.0000314 -0.0000184 0.0000338 
-0.0000157 -0.0000398 -0.0000033 -0.0000352 0.0000119 -0.0000331 0.0000090 -0.0000384 
0.0000279 0.0000432 0.0000124 0.0000335 -0.0000028 0.0000362 -0.0000008 0.0000372 
-0.0000260 -0.0000351 -0.0000167 -0.0000288 -0.0000022 -0.0000335 -0.0000072 -0.0000359 
0.0000494 0.0000457 0.0000245 0.0000219 0.0000135 0.0000303 0.0000111 0.0000338 
-0.0000534 -0.0000367 -0.0000280 -0.0000175 -0.0000187 -0.0000294 -0.0000145 -0.0000301 
0.0000770 0.0000216 0.0000295 0.0000085 0.0000237 0.0000198 0.0000230 0.0000266 
-0.0000840 -0.0000154 -0.0000319 -0.0000011 -0.0000304 -0.0000142 -0.0000264 -0.0000213 
0.0000795 -0.0000104 0.0000313 -0.0000060 0.0000313 0.0000075 0.0000308 0.0000132 
-0.0000753 0.0000239 -0.0000269 0.0000147 -0.0000300 0.0000026 -0.0000369 -0.0000042 
0.0000724 -0.0000495 0.0000226 -0.0000213 0.0000292 -0.0000103 0.0000331 -0.0000058 
-0.0000557 0.0000615 -0.0000146 0.0000231 -0.0000226 0.0000138 -0.0000311 0.0000159 
0.0000525 -0.0000786 0.0000068 -0.0000268 0.0000175 -0.0000223 0.0000262 -0.0000167 
-0.0000339 0.0000846 -0.0000022 0.0000265 -0.0000145 0.0000241 -0.0000203 0.0000200 
0.0000120 -0.0000965 -0.0000064 -0.0000239 0.0000040 -0.0000260 0.0000164 -0.0000257 
0.0000046 0.0001003 0.0000122 0.0000229 0.0000016 0.0000287 -0.0000085 0.0000276 
-0.0000344 -0.0000879 -0.0000160 -0.0000189 -0.0000075 -0.0000254 -0.0000005 -0.0000289 
0.0000565 0.0000706 0.0000221 0.0000124 0.0000167 0.0000211 0.0000093 0.0000317 
-0.0000729 -0.0000582 -0.0000249 -0.0000071 -0.0000217 -0.0000178 -0.0000176 -0.0000248 
0.0000829 0.0000300 0.0000230 -0.0000022 0.0000228 0.0000080 0.0000266 0.0000199 
-0.0000849 -0.0000207 -0.0000230 0.0000094 -0.0000278 -0.0000016 -0.0000260 -0.0000111 
0.0000798 -0.0000040 0.0000183 -0.0000129 0.0000253 -0.0000029 0.0000237 0.0000002 
-0.0000791 0.0000185 -0.0000129 0.0000196 -0.0000239 0.0000130 -0.0000256 0.0000039 
0.0000675 -0.0000331 0.0000088 -0.0000219 0.0000223 -0.0000170 0.0000206 -0.0000113 
-0.0000514 0.0000551 -0.0000020 0.0000217 -0.0000154 0.0000213 -0.0000181 0.0000172 
0.0000273 -0.0000674 -0.0000051 -0.0000238 0.0000087 -0.0000282 0.0000168 -0.0000210 
-0.0000168 0.0000715 0.0000099 0.0000224 -0.0000030 0.0000297 -0.0000091 0.0000259 
-0.0000118 -0.0000695 -0.0000190 -0.0000167 -0.0000089 -0.0000275 0.0000028 -0.0000300 
0.0000197 0.0000567 0.0000236 0.0000132 0.0000145 0.0000285 0.0000076 0.0000242 
-0.0000327 -0.0000407 -0.0000245 -0.0000046 -0.0000191 -0.0000214 -0.0000179 -0.0000189 
0.0000384 0.0000306 0.0000277 -0.0000029 0.0000278 0.0000169 0.0000178 0.0000146 
-0.0000368 -0.0000142 -0.0000252 0.0000087 -0.0000285 -0.0000115 -0.0000221 -0.0000058 
0.0000462 0.0000019 0.0000204 -0.0000158 0.0000299 0.0000022 0.0000223 0.0000026 
-0.0000484 0.0000148 -0.0000182 0.0000216 -0.0000333 0.0000056 -0.0000191 -0.0000010 
0.0000381 -0.0000169 0.0000123 -0.0000241 0.0000302 -0.0000116 0.0000184 -0.0000051 
-0.0000307 0.0000367 -0.0000038 0.0000304 -0.0000249 0.0000231 -0.0000177 0.0000069 
0.0000121 -0.0000329 -0.0000014 -0.0000304 0.0000224 -0.0000264 0.0000106 -0.0000138 
0.0000008 0.0000317 0.0000118 0.0000279 -0.0000117 0.0000291 -0.0000056 0.0000223 
-0.0000114 -0.0000265 -0.0000186 -0.0000267 0.0000058 -0.0000342 0.0000003 -0.0000174 
0.0000216 0.0000146 0.0000235 0.0000192 0.0000007 0.0000306 0.0000074 0.0000139 
-0.0000211 -0.0000163 -0.0000289 -0.0000108 -0.0000104 -0.0000284 -0.0000080 -0.0000113 
0.0000245 0.0000192 0.0000308 0.0000060 0.0000161 0.0000281 0.0000072 0.0000026 
-0.0000131 -0.0000050 -0.0000287 0.0000024 -0.0000199 -0.0000219 -0.0000050 0.0000009 
0.0000177 0.0000034 0.0000308 -0.0000104 0.0000286 0.0000154 0.0000002 -0.0000040 
-0.0000124 0.0000044 -0.0000266 0.0000147 -0.0000279 -0.0000114 -0.0000042 0.0000050 
0.0000083 -0.0000141 0.0000200 -0.0000239 0.0000268 0.0000002 0.0000057 -0.0000081 
-0.0000097 0.0000139 -0.0000159 0.0000274 -0.0000279 0.0000042 0.0000024 0.0000101 
-0.0000031 -0.0000128 0.0000063 -0.0000282 0.0000210 -0.0000087 -0.0000069 -0.0000113 
-0.0000034 0.0000056 0.0000027 0.0000300 -0.0000167 0.0000156 0.0000121 0.0000037 
0.0000132 0.0000030 -0.0000074 -0.0000265 0.0000150 -0.0000163 -0.0000220 0.0000044 
-0.0000092 -0.0000063 0.0000143 0.0000209 -0.0000079 0.0000162 0.0000197 -0.0000101 
0.0000195 0.0000001 -0.0000185 -0.0000195 0.0000036 -0.0000206 -0.0000199 0.0000207 
-0.0000217 0.0000038 0.0000191 0.0000124 -0.0000011 0.0000159 0.0000136 -0.0000236 
0.0000183 -0.0000044 -0.0000236 -0.0000052 -0.0000066 -0.0000128 -0.0000032 0.0000255 
-0.0000183 0.0000201 0.0000217 0.0000013 0.0000064 0.0000116 -0.0000004 -0.0000324 
0.0000195 -0.0000202 -0.0000189 0.0000063 -0.0000072 -0.0000040 0.0000066 0.0000317 
-0.0000205 0.0000333 0.0000177 -0.0000118 0.0000094 0.0000007 -0.0000197 -0.0000323 
0.0000237 -0.0000511 -0.0000111 0.0000127 -0.0000052 -0.0000006 0.0000311 0.0000361 
-0.0000136 0.0000491 0.0000042 -0.0000152 0.0000018 -0.0000034 -0.0000394 -0.0000275 
-0.0000056 -0.0000646 -0.0000029 0.0000136 -0.0000037 0.0000032 0.0000501 0.0000204 
0.0000220 0.0000675 -0.0000030 -0.0000098 -0.0000031 -0.0000019 -0.0000533 -0.0000046 
-0.0000378 -0.0000559 0.0000062 0.0000100 0.0000053 0.0000045 0.0000536 -0.0000139 
0.0000648 0.0000539 -0.0000060 -0.0000046 -0.0000060 0.0000004 -0.0000541 0.0000223 
-0.0000715 -0.0000373 0.0000086 0.0000008 0.0000111 -0.0000025 0.0000453 -0.0000357 
0.0000879 0.0000238 -0.0000083 0.0000004 -0.0000108 0.0000039 -0.0000405 0.0000498 
-0.0001023 -0.0000169 0.0000045 -0.0000059 0.0000073 -0.0000107 0.0000348 -0.0000585 
0.0000960 -0.0000120 -0.0000030 0.0000095 -0.0000075 0.0000145 -0.0000184 0.0000658 
-0.0001043 0.0000412 -0.0000026 -0.0000068 0.0000025 -0.0000128 0.0000059 -0.0000712 
0.0000965 -0.0000679 0.0000083 0.0000092 0.0000023 0.0000187 0.0000166 0.0000727 
-0.0000696 0.0000898 -0.0000088 -0.0000059 -0.0000025 -0.0000176 -0.0000401 -0.0000694 
0.0000584 -0.0001194 0.0000139 0.0000011 0.0000101 0.0000160 0.0000529 0.0000601 
-0.0000246 0.0001221 -0.0000147 0.0000010 -0.0000127 -0.0000181 -0.0000652 -0.0000419 
-0.0000048 -0.0001333 0.0000124 -0.0000057 0.0000146 0.0000137 0.0000786 0.0000303 
0.0000188 0.0001324 -0.0000138 0.0000116 -0.0000210 -0.0000086 -0.0000790 -0.0000144 
-0.0000597 -0.0001147 0.0000122 -0.0000134 0.0000232 0.0000063 0.0000821 -0.0000073 
0.0000899 0.0001076 -0.0000057 0.0000194 -0.0000204 0.0000012 -0.0000773 0.0000230 
-0.0001111 -0.0000863 0.0000038 -0.0000235 0.0000243 -0.0000062 0.0000736 -0.0000486 
0.0001337 0.0000472 0.0000037 0.0000213 -0.0000204 0.0000065 -0.0000617 0.0000701 
-0.0001514 -0.0000338 -0.0000109 -0.0000231 0.0000175 -0.0000135 0.0000412 -0.0000802 
0.0001441 -0.0000144 0.0000141 0.0000199 -0.0000182 0.0000144 -0.0000168 0.0000901 
-0.0001440 0.0000471 -0.0000199 -0.0000136 0.0000126 -0.0000149 -0.0000007 -0.0000935 
0.0001247 -0.0000626 0.0000240 0.0000114 -0.0000083 0.0000203 0.0000231 0.0000828 
-0.0001007 0.0001007 -0.0000239 -0.0000065 0.0000070 -0.0000207 -0.0000460 -0.0000779 
0.0000838 -0.0001223 0.0000274 -0.0000019 -0.0000002 0.0000173 0.0000609 0.0000610 
-0.0000552 0.0001322 -0.0000281 0.0000046 -0.0000023 -0.0000210 -0.0000798 -0.0000479 
0.0000093 -0.0001497 0.0000233 -0.0000127 0.0000017 0.0000168 0.0000916 0.0000298 
0.0000038 0.0001525 -0.0000225 0.0000184 -0.0000069 -0.0000156 -0.0000948 -0.0000019 
-0.0000512 -0.0001349 0.0000173 -0.0000207 0.0000059 0.0000171 0.0000964 -0.0000256 
0.0000818 0.0001269 -0.0000097 0.0000254 -0.0000057 -0.0000135 -0.0000866 0.0000447 
-0.0000941 -0.0000946 0.0000069 -0.0000269 0.0000114 0.0000126 0.0000635 -0.0000681 
0.0001275 0.0000660 -0.0000020 0.0000249 -0.0000122 -0.0000135 -0.0000476 0.0000868 
-0.0001367 -0.0000449 -0.0000051 -0.0000273 0.0000105 0.0000083 0.0000197 -0.0000950 
0.0001343 0.0000096 0.0000067 0.0000262 -0.0000160 -0.0000085 0.0000010 0.0001000 
-0.0001444 0.0000329 -0.0000136 -0.0000219 0.0000139 0.0000096 -0.0000247 -0.0000972 
0.0001295 -0.0000454 0.0000178 0.0000218 -0.0000157 -0.0000046 0.0000544 0.0000888 
-0.0001089 0.0000878 -0.0000196 -0.0000171 0.0000194 0.0000060 -0.0000772 -0.0000757 
0.0000931 -0.0001097 0.0000245 0.0000108 -0.0000181 -0.0000048 0.0000932 0.0000502 
-0.0000496 0.0001174 -0.0000260 -0.0000094 0.0000198 -0.0000029 -0.0001094 -0.0000185 
0.0000210 -0.0001413 0.0000249 0.0000048 -0.0000220 0.0000051 0.0001143 -0.0000075 
0.0000023 0.0001377 -0.0000290 0.0000014 0.0000174 -0.0000063 -0.0001107 0.0000413 
-0.0000392 -0.0001231 0.0000281 -0.0000027 -0.0000183 0.0000140 0.0000954 -0.0000650 
0.0000776 0.0001259 -0.0000267 0.0000105 0.0000182 -0.0000138 -0.0000741 0.0000867 
-0.0000844 -0.0000938 0.0000278 -0.0000157 -0.0000121 0.0000174 0.0000525 -0.0001066 
0.0001194 0.0000685 -0.0000241 0.0000197 0.0000124 -0.0000219 -0.0000268 0.0001184 
-0.0001302 -0.0000474 0.0000182 -0.0000272 -0.0000093 0.0000206 -0.0000096 -0.0001199 
0.0001317 -0.0000039 -0.0000164 0.0000307 0.0000006 -0.0000232 0.0000422 0.0001223 
-0.0001422 0.0000294 0.0000092 -0.0000321 0.0000029 0.0000247 -0.0000706 -0.0001097 
0.0001274 -0.0000547 -0.0000014 0.0000379 -0.0000053 -0.0000187 0.0001004 0.0000911 
-0.0001008 0.0000926 -0.0000022 -0.0000374 0.0000130 0.0000193 -0.0001157 -0.0000576 
0.0000935 -0.0001174 0.0000137 0.0000366 -0.0000119 -0.0000176 0.0001280 0.0000257 
-0.0000431 0.0001176 -0.0000220 -0.0000366 0.0000146 0.0000108 -0.0001307 0.0000034 
0.0000158 -0.0001421 0.0000285 0.0000302 -0.0000174 -0.0000115 0.0001232 -0.0000357 
0.0000112 0.0001355 -0.0000386 -0.0000226 0.0000143 0.0000079 -0.0001133 0.0000690 
-0.0000626 -0.0001298 0.0000425 0.0000161 -0.0000162 -0.0000009 0.0000989 -0.0000927 
0.0000810 0.0001195 -0.0000440 -0.0000051 0.0000164 -0.0000005 -0.0000722 0.0001146 
-0.0001031 -0.0000900 0.0000482 -0.0000061 -0.0000097 0.0000017 0.0000442 -0.0001284 
0.0001337 0.0000520 -0.0000446 0.0000132 0.0000109 -0.0000060 -0.0000058 0.0001331 
-0.0001382 -0.0000404 0.0000406 -0.0000272 -0.0000090 0.0000021 -0.0000279 -0.0001327 
0.0001242 -0.0000196 -0.0000356 0.0000359 0.0000044 -0.0000028 0.0000561 0.0001168 
-0.0001324 0.0000478 0.0000252 -0.0000422 -0.0000075 0.0000027 -0.0000820 -0.0000948 
0.0001077 -0.0000662 -0.0000138 0.0000510 0.0000069 0.0000020 0.0001046 0.0000764 
-0.0000894 0.0001048 0.0000033 -0.0000515 -0.0000041 0.0000002 -0.0001127 -0.0000541 
0.0000688 -0.0001062 0.0000106 0.0000487 0.0000067 -0.0000008 0.0001205 0.0000230 
-0.0000291 0.0001138 -0.0000225 -0.0000479 -0.0000086 -0.0000047 -0.0001188 0.0000032 
-0.0000061 -0.0001338 0.0000299 0.0000388 0.0000082 0.0000003 0.0001130 -0.0000375 
0.0000139 0.0001128 -0.0000413 -0.0000301 -0.0000144 0.0000006 -0.0001044 0.0000593 
-0.0000680 -0.0000897 0.0000461 0.0000212 0.0000152 0.0000003 0.0000768 -0.0000792 
0.0000817 0.0000821 -0.0000476 -0.0000073 -0.0000164 0.0000077 -0.0000531 0.0000945 
-0.0000852 -0.0000475 0.0000514 -0.0000045 0.0000208 -0.0000108 0.0000339 -0.0001001 
0.0001020 0.0000303 -0.0000457 0.0000149 -0.0000161 0.0000127 -0.0000112 0.0000978 
-0.0000850 -0.0000095 0.0000379 -0.0000268 0.0000129 -0.0000188 -0.0000122 -0.0000932 
0.0000745 -0.0000260 -0.0000327 0.0000344 -0.0000148 0.0000226 0.0000288 0.0000809 
-0.0000847 0.0000430 0.0000195 -0.0000381 0.0000062 -0.0000241 -0.0000514 -0.0000746 
0.0000465 -0.0000382 -0.0000096 0.0000427 -0.0000016 0.0000306 0.0000601 0.0000645 
-0.0000299 0.0000781 0.0000010 -0.0000414 -0.0000014 -0.0000303 -0.0000721 -0.0000388 
0.0000197 -0.0000679 0.0000109 0.0000370 0.0000130 0.0000299 0.0000774 0.0000205 
0.0000175 0.0000558 -0.0000189 -0.0000359 -0.0000182 -0.0000321 -0.0000754 -0.0000079 
-0.0000195 -0.0000546 0.0000242 0.0000265 0.0000226 0.0000237 0.0000676 -0.0000115 
0.0000293 0.0000231 -0.0000307 -0.0000175 -0.0000298 -0.0000169 -0.0000587 0.0000224 
-0.0000470 -0.0000030 0.0000317 0.0000120 0.0000321 0.0000158 0.0000456 -0.0000318 
0.0000361 0.0000116 -0.0000298 0.0000005 -0.0000329 -0.0000035 -0.0000444 0.0000462 
-0.0000216 0.0000276 0.0000291 -0.0000063 0.0000372 -0.0000025 0.0000345 -0.0000439 
0.0000392 -0.0000210 -0.0000238 0.0000106 -0.0000342 0.0000067 -0.0000166 0.0000543 
-0.0000131 0.0000270 0.0000177 -0.0000171 0.0000320 -0.0000186 0.0000063 -0.0000566 
-0.0000029 -0.0000475 -0.0000149 0.0000181 -0.0000309 0.0000225 0.0000058 0.0000493 
0.0000163 0.0000298 0.0000076 -0.0000187 0.0000202 -0.0000265 -0.0000208 -0.0000447 
-0.0000440 -0.0000261 -0.0000012 0.0000202 -0.0000120 0.0000319 0.0000257 0.0000334 
0.0000537 0.0000259 -0.0000001 -0.0000173 0.0000103 -0.0000307 -0.0000342 -0.0000223 
-0.0000364 0.0000095 0.0000076 0.0000137 0.0000020 0.0000298 0.0000381 0.0000216 
0.0000651 -0.0000227 -0.0000078 -0.0000114 -0.0000061 -0.0000309 -0.0000326 -0.0000105 
-0.0000328 0.0000128 0.0000076 0.0000073 0.0000090 0.0000258 0.0000410 -0.0000008 
0.0000237 -0.0000418 -0.0000098 -0.0000037 -0.0000178 -0.0000231 -0.0000411 0.0000085 
-0.0000358 0.0000427 0.0000066 0.0000037 0.0000182 0.0000215 0.0000297 -0.0000182 
0.0000084 -0.0000535 -0.0000058 -0.0000007 -0.0000204 -0.0000109 -0.0000237 0.0000326 
-0.0000060 0.0000689 0.0000066 -0.0000013 0.0000232 0.0000045 0.0000106 -0.0000348 
-0.0000005 -0.0000623 -0.0000039 -0.0000011 -0.0000186 -0.0000048 0.0000023 0.0000409 
0.0000427 0.0000431 0.0000027 -0.0000020 0.0000168 -0.0000048 -0.0000044 -0.0000334 
-0.0000427 -0.0000591 -0.0000031 0.0000005 -0.0000173 0.0000053 0.0000218 0.0000232 
0.0000367 0.0000156 0.0000014 0.0000019 0.0000112 -0.0000045 -0.0000255 -0.0000242 
-0.0000533 -0.0000039 -0.0000020 0.0000004 -0.0000109 0.0000103 0.0000318 0.0000171 
0.0000402 0.0000146 0.0000049 0.0000028 0.0000109 -0.0000066 -0.0000371 -0.0000017 
-0.0000477 0.0000063 -0.0000044 -0.0000015 -0.0000031 0.0000074 0.0000410 -0.0000089 
0.0000525 -0.0000029 0.0000048 -0.0000012 0.0000004 -0.0000094 -0.0000405 0.0000247 
-0.0000378 0.0000010 -0.0000074 0.0000006 -0.0000034 0.0000032 0.0000382 -0.0000372 
0.0000298 -0.0000387 0.0000052 -0.0000033 -0.0000021 -0.0000030 -0.0000151 0.0000410 
-0.0000354 0.0000271 -0.0000049 0.0000052 -0.0000005 0.0000046 -0.0000021 -0.0000546 
-0.0000069 -0.0000281 0.0000062 -0.0000049 0.0000042 -0.0000001 0.0000138 0.0000499 
0.0000108 0.0000309 -0.0000011 0.0000067 0.0000003 0.0000033 -0.0000252 -0.0000455 
0.0000017 -0.0000020 0.0000028 -0.0000099 0.0000060 -0.0000062 0.0000447 0.0000356 
0.0000044 0.0000133 0.0000011 0.0000087 -0.0000041 0.0000013 -0.0000522 -0.0000271 
0.0000108 -0.0000090 -0.0000051 -0.0000086 0.0000002 -0.0000017 0.0000629 0.0000162 
-0.0000212 0.0000000 0.0000042 0.0000092 -0.0000068 0.0000060 -0.0000665 0.0000007 
-0.0000029 -0.0000107 -0.0000091 -0.0000048 0.0000036 -0.0000019 0.0000627 -0.0000333 
-0.0000139 0.0000082 0.0000101 0.0000026 -0.0000001 0.0000067 -0.0000619 0.0000496 
0.0000002 0.0000125 -0.0000083 -0.0000024 0.0000039 -0.0000102 0.0000402 -0.0000704 
-0.0000101 -0.0000106 0.0000098 -0.0000037 0.0000028 0.0000059 -0.0000187 0.0000747 
0.0000309 -0.0000018 -0.0000099 0.0000029 -0.0000066 -0.0000114 -0.0000063 -0.0000833 
-0.0000252 0.0000193 0.0000077 -0.0000060 0.0000030 0.0000076 0.0000244 0.0000772 
0.0000280 -0.0000288 -0.0000055 0.0000108 -0.0000044 -0.0000007 -0.0000453 -0.0000653 
-0.0000240 0.0000515 0.0000055 -0.0000076 0.0000084 0.0000077 0.0000684 0.0000524 
-0.0000038 -0.0000282 0.0000002 0.0000117 -0.0000036 -0.0000015 -0.0000849 -0.0000321 
0.0000009 0.0000436 -0.0000028 -0.0000100 0.0000071 -0.0000017 0.0000926 0.0000159 
0.0000112 -0.0000219 0.0000030 0.0000069 -0.0000085 -0.0000018 -0.0000986 0.0000196 
-0.0000029 0.0000250 -0.0000082 -0.0000079 0.0000036 -0.0000063 0.0000838 -0.0000538 
0.0000051 -0.0000461 0.0000055 0.0000057 -0.0000084 0.0000082 -0.0000714 0.0000773 
0.0000201 0.0000470 -0.0000078 -0.0000034 0.0000013 -0.0000032 0.0000401 -0.0000871 
-0.0000289 -0.0000609 0.0000117 0.0000013 0.0000065 0.0000045 -0.0000048 0.0001023 
0.0000536 0.0000475 -0.0000070 -0.0000012 0.0000011 -0.0000061 -0.0000210 -0.0001086 
-0.0000411 -0.0000188 0.0000091 -0.0000037 0.0000050 -0.0000019 0.0000422 0.0000942 
0.0000424 0.0000201 -0.0000084 0.0000057 -0.0000083 -0.0000008 -0.0000678 -0.0000735 
-0.0000382 -0.0000234 0.0000026 -0.0000059 0.0000005 -0.0000004 0.0000879 0.0000640 
0.0000277 0.0000306 -0.0000060 0.0000096 -0.0000096 0.0000061 -0.0001196 -0.0000222 
-0.0000585 -0.0000292 0.0000025 -0.0000063 0.0000066 -0.0000013 0.0001199 -0.0000004 
0.0000825 0.0000068 -0.0000010 0.0000077 0.0000004 0.0000084 -0.0001064 0.0000473 
-0.0000885 0.0000065 -0.0000004 -0.0000116 -0.0000005 -0.0000164 0.0001050 -0.0000890 
0.0000943 -0.0000356 0.0000015 0.0000065 0.0000016 0.0000066 -0.0000789 0.0001087 
-0.0000620 0.0000443 -0.0000053 -0.0000073 -0.0000113 -0.0000107 0.0000355 -0.0001207 
0.0000614 -0.0000476 0.0000083 0.0000086 0.0000089 0.0000127 0.0000024 0.0001262 
-0.0000452 0.0000538 -0.0000088 -0.0000005 -0.0000113 -0.0000002 -0.0000330 -0.0001176 
0.0000553 -0.0000419 0.0000123 0.0000051 0.0000165 0.0000086 0.0000710 0.0001291 
-0.0000554 0.0000728 -0.0000083 -0.0000005 -0.0000089 -0.0000014 -0.0000864 -0.0000957 
0.0000351 -0.0001147 0.0000098 -0.0000013 0.0000154 -0.0000063 0.0001304 0.0000639 
-0.0000156 0.0001093 -0.0000132 0.0000035 -0.0000226 0.0000058 -0.0001532 -0.0000425 
-0.0000215 -0.0001361 0.0000064 -0.0000070 0.0000092 -0.0000110 0.0001389 -0.0000050 
0.0000462 0.0000997 -0.0000082 0.0000105 -0.0000136 0.0000195 -0.0001389 0.0000555 
-0.0000569 -0.0000834 0.0000083 -0.0000130 0.0000124 -0.0000141 0.0001170 -0.0000881 
0.0000743 0.0000622 0.0000028 0.0000157 0.0000034 0.0000186 -0.0000737 0.0001222 
-0.0000494 -0.0000565 0.0000015 -0.0000169 0.0000058 -0.0000201 0.0000736 -0.0001284 
0.0000833 0.0000477 0.0000053 0.0000129 0.0000033 0.0000113 -0.0000197 0.0001254 
-0.0001286 -0.0000390 -0.0000090 -0.0000114 -0.0000105 -0.0000162 -0.0000040 -0.0001501 
0.0001008 0.0000127 0.0000105 0.0000152 0.0000069 0.0000229 0.0000267 0.0001399 
-0.0001462 0.0000231 -0.0000162 -0.0000031 -0.0000146 -0.0000059 -0.0000792 -0.0001040 
0.0000892 -0.0000719 0.0000180 0.0000038 0.0000195 0.0000123 0.0000981 0.0001008 
-0.0000621 0.0000760 -0.0000213 -0.0000022 -0.0000141 -0.0000102 -0.0001244 -0.0000615 
0.0000336 -0.0000865 0.0000228 -0.0000121 0.0000174 -0.0000058 0.0001370 0.0000164 
-0.0000028 0.0000598 -0.0000203 0.0000086 -0.0000163 -0.0000055 -0.0001067 -0.0000136 
0.0000005 -0.0000574 0.0000124 -0.0000168 0.0000057 -0.0000042 0.0000925 -0.0000355 
-0.0000099 0.0000715 -0.0000074 0.0000205 -0.0000132 0.0000074 -0.0001088 0.0000247 
-0.0000105 -0.0000452 0.0000096 -0.0000189 0.0000195 0.0000000 0.0000754 -0.0000305 
0.0000228 0.0000823 0.0000055 0.0000250 -0.0000025 0.0000089 -0.0000480 0.0000720 
-0.0000611 -0.0000164 -0.0000067 -0.0000244 0.0000135 -0.0000135 0.0000681 -0.0000676 
0.0000693 -0.0000209 0.0000091 0.0000207 -0.0000116 0.0000038 -0.0000419 0.0000839 
-0.0000384 0.0000284 -0.0000239 -0.0000258 -0.0000029 -0.0000145 0.0000186 -0.0001070 
0.0000098 -0.0000976 0.0000168 0.0000145 -0.0000158 0.0000071 -0.0000239 0.0000442 
0.0000210 0.0000587 -0.0000254 -0.0000035 0.0000024 -0.0000008 -0.0000173 -0.0000586 
-0.0000428 -0.0000249 0.0000266 -0.0000051 -0.0000012 0.0000127 -0.0000360 0.0000661 
0.0000686 0.0000421 -0.0000201 0.0000015 0.0000137 -0.0000229 0.0000378 -0.0000447 
-0.0000691 0.0000189 0.0000239 -0.0000158 -0.0000031 0.0000071 0.0000066 0.0000709 
0.0000974 0.0000270 -0.0000214 0.0000168 -0.0000046 -0.0000215 0.0000162 -0.0001018 
-0.0001303 0.0000041 0.0000091 -0.0000137 -0.0000079 0.0000227 0.0000182 0.0001088 
0.0001207 -0.0000456 -0.0000201 0.0000260 -0.0000141 -0.0000070 -0.0000705 -0.0001284 
-0.0001925 0.0000862 0.0000041 -0.0000101 0.0000020 0.0000351 0.0000171 0.0001089 
0.0001214 -0.0001726 0.0000076 0.0000207 0.0000003 -0.0000114 -0.0000822 -0.0000724 
-0.0000525 0.0002404 -0.0000150 -0.0000187 0.0000194 0.0000123 0.0000876 0.0001543 
0.0000626 -0.0002552 0.0000048 0.0000045 -0.0000337 -0.0000328 -0.0001107 -0.0001419 
0.0001139 0.0003014 -0.0000138 -0.0000159 0.0000203 0.0000051 0.0001986 0.0000480 
-0.0000592 -0.0002773 0.0000083 0.0000095 -0.0000433 0.0000003 -0.0002541 -0.0000882 
0.0001441 0.0002891 -0.0000013 0.0000091 0.0000379 0.0000172 0.0002779 0.0000020 
-0.0002384 -0.0002754 0.0000064 0.0000260 -0.0000229 0.0000320 -0.0003622 0.0001394 
0.0002565 0.0002793 0.0000141 -0.0000033 0.0000581 -0.0000061 0.0002617 -0.0001020 
-0.0004052 -0.0002015 -0.0000018 -0.0000020 -0.0000250 0.0000120 -0.0002329 0.0002644 
0.0005094 0.0000100 -0.0000055 0.0000027 0.0000196 -0.0000427 0.0002627 -0.0002327 
-0.0005721 -0.0000286 -0.0000267 0.0000240 -0.0000580 0.0000650 -0.0002190 0.0003376 
0.0006549 -0.0003040 -0.0000145 -0.0000148 -0.0000077 -0.0000450 0.0000533 -0.0005072 
