%19-Mar-2019 14:47:32
%Comment: Enter a comment
%--------------------------------------------- 
%                   Setup 
%--------------------------------------------- 
%Number of measurements stored in this file: 1
%Center Frequency: 1.5GHz
%Center Frequency: 1.5GHz
%Number of Averages: 1 
%Start Pos: 0 degrees
%Stop Pos: 0 degrees
%Polarizations in order: VVVHHVHH 
%Columns of real and imaginary data. Col 1 = real, col 2 = imaginary. If more than 2 columns, odd columns are real and even columns are imaginary. 
%Az: 0 ================== 
0.0004536 0.0003338 -0.0002538 -0.0000729 -0.0002250 -0.0002905 -0.0013412 0.0006119 
-0.0012076 -0.0005592 0.0001195 -0.0000302 0.0001246 0.0001351 0.0005635 -0.0011469 
0.0011315 0.0004409 -0.0001243 0.0000875 -0.0001444 -0.0000612 -0.0003023 0.0010745 
-0.0012455 -0.0000585 0.0000956 -0.0000885 0.0001478 0.0000659 -0.0000168 -0.0010623 
0.0011533 -0.0001197 -0.0000221 0.0000902 -0.0001011 -0.0000175 0.0002218 0.0009172 
-0.0009719 0.0003439 0.0000236 -0.0001060 0.0001424 -0.0000208 -0.0003866 -0.0007245 
0.0006948 -0.0006077 -0.0000057 0.0000624 -0.0001181 0.0000115 0.0005077 0.0005826 
-0.0005921 0.0006861 -0.0000329 -0.0000690 0.0000789 -0.0000632 -0.0005108 -0.0004515 
0.0000867 -0.0006266 -0.0000050 0.0000951 -0.0001066 0.0001011 0.0004410 0.0003361 
-0.0000737 0.0008249 -0.0000310 -0.0000450 0.0000390 -0.0000654 -0.0005976 -0.0001132 
-0.0000046 -0.0006463 0.0000527 0.0000491 -0.0000022 0.0000701 0.0005213 -0.0000350 
0.0002199 0.0006625 -0.0000441 -0.0000348 0.0000147 -0.0000624 -0.0004636 0.0001460 
-0.0002462 -0.0005952 0.0000519 -0.0000123 0.0000125 0.0000280 0.0003766 -0.0002508 
0.0003504 0.0003856 -0.0000514 -0.0000004 -0.0000197 -0.0000568 -0.0002455 0.0002676 
-0.0005034 -0.0002364 0.0000203 -0.0000116 0.0000048 0.0000390 0.0001808 -0.0002930 
0.0004647 0.0001452 -0.0000271 0.0000286 -0.0000332 -0.0000215 -0.0001054 0.0002330 
-0.0004607 0.0001939 0.0000329 0.0000061 0.0000422 0.0000470 0.0000170 -0.0001401 
0.0004638 -0.0001431 -0.0000085 0.0000159 -0.0000223 -0.0000041 -0.0000011 0.0002331 
-0.0002875 0.0001887 0.0000198 -0.0000241 0.0000257 -0.0000134 -0.0000436 -0.0001749 
0.0002625 -0.0002651 -0.0000099 0.0000169 -0.0000144 -0.0000004 0.0000747 0.0001568 
-0.0001823 0.0002189 -0.0000164 -0.0000247 -0.0000062 -0.0000127 -0.0000938 -0.0001204 
0.0000251 -0.0002491 0.0000009 0.0000187 -0.0000153 0.0000050 0.0000929 0.0000667 
0.0000284 0.0003102 -0.0000093 -0.0000001 0.0000049 0.0000071 -0.0000824 -0.0000644 
-0.0000606 -0.0002145 0.0000172 0.0000078 0.0000007 0.0000095 0.0000320 0.0000256 
0.0002342 0.0002374 0.0000120 -0.0000057 0.0000236 -0.0000069 0.0000101 0.0000163 
-0.0001687 -0.0001854 0.0000035 -0.0000042 0.0000025 -0.0000018 0.0000341 0.0000498 
0.0001871 0.0000281 -0.0000065 -0.0000069 -0.0000122 -0.0000035 -0.0000273 -0.0000486 
-0.0001926 -0.0000100 -0.0000013 0.0000013 -0.0000036 -0.0000075 0.0000440 0.0000512 
0.0001047 -0.0000521 -0.0000101 0.0000131 -0.0000060 0.0000165 -0.0000570 -0.0000557 
-0.0001047 0.0001542 0.0000044 0.0000003 -0.0000050 0.0000004 0.0000511 0.0000477 
0.0001173 -0.0001169 0.0000076 0.0000082 0.0000137 0.0000067 -0.0000866 -0.0000550 
-0.0000069 0.0001360 -0.0000003 -0.0000100 -0.0000012 -0.0000053 0.0000735 0.0000653 
0.0000818 -0.0002201 0.0000078 -0.0000189 0.0000079 -0.0000208 -0.0000406 -0.0000721 
0.0000114 0.0001120 -0.0000097 0.0000009 -0.0000073 -0.0000053 0.0001411 0.0000201 
-0.0001195 -0.0001139 -0.0000017 -0.0000028 0.0000015 0.0000100 -0.0001399 0.0000095 
0.0001252 0.0000744 -0.0000016 0.0000071 -0.0000112 0.0000008 0.0001466 -0.0000647 
-0.0001689 0.0000086 0.0000091 0.0000031 0.0000160 0.0000082 -0.0001376 0.0000957 
0.0002099 -0.0000246 0.0000003 0.0000037 -0.0000041 0.0000032 0.0000933 -0.0001222 
-0.0001405 0.0000467 0.0000065 -0.0000114 0.0000126 -0.0000102 -0.0000785 0.0001599 
0.0001128 -0.0001459 -0.0000074 0.0000037 -0.0000107 -0.0000005 0.0000501 -0.0001499 
-0.0001117 0.0000921 -0.0000128 -0.0000120 -0.0000055 -0.0000090 -0.0000029 0.0001436 
0.0000093 -0.0001476 0.0000028 0.0000132 -0.0000111 0.0000076 -0.0000330 -0.0001824 
-0.0000132 0.0002030 -0.0000069 -0.0000042 0.0000148 -0.0000041 0.0000841 0.0001618 
-0.0000433 -0.0001701 0.0000118 0.0000080 -0.0000057 0.0000161 -0.0001316 -0.0001415 
0.0001217 0.0001981 -0.0000015 -0.0000094 0.0000135 -0.0000203 0.0001685 0.0001048 
-0.0001180 -0.0001955 0.0000106 0.0000016 0.0000012 0.0000120 -0.0001783 -0.0000407 
0.0001560 0.0000957 -0.0000158 -0.0000076 -0.0000076 -0.0000209 0.0001913 0.0000075 
-0.0002224 -0.0000709 0.0000107 0.0000043 0.0000017 0.0000167 -0.0001608 0.0000389 
0.0001640 0.0000115 -0.0000204 0.0000125 -0.0000147 -0.0000034 0.0001323 -0.0001037 
-0.0002003 0.0000649 0.0000186 -0.0000074 0.0000122 0.0000142 -0.0001292 0.0001089 
0.0002128 -0.0000763 -0.0000093 0.0000149 -0.0000095 -0.0000141 0.0000859 -0.0001432 
-0.0001709 0.0001197 0.0000097 -0.0000202 0.0000209 0.0000058 -0.0000559 0.0001602 
0.0001595 -0.0001764 -0.0000065 0.0000125 -0.0000221 -0.0000090 0.0000032 -0.0001693 
-0.0001360 0.0001628 -0.0000012 -0.0000210 0.0000169 -0.0000062 0.0000479 0.0001601 
0.0000369 -0.0001996 0.0000001 0.0000229 -0.0000223 0.0000131 -0.0000740 -0.0001389 
-0.0000250 0.0002445 -0.0000067 -0.0000166 0.0000147 -0.0000100 0.0001150 0.0000950 
-0.0000537 -0.0001933 0.0000206 0.0000226 -0.0000028 0.0000222 -0.0001551 -0.0000580 
0.0001203 0.0002115 -0.0000189 -0.0000168 0.0000068 -0.0000193 0.0001368 0.0000225 
-0.0001321 -0.0001907 0.0000245 0.0000055 -0.0000031 0.0000132 -0.0001382 0.0000202 
0.0001660 0.0001392 -0.0000282 -0.0000039 -0.0000051 -0.0000218 0.0001224 -0.0000463 
-0.0002065 -0.0001129 0.0000199 -0.0000049 0.0000040 0.0000178 -0.0001108 0.0000883 
0.0001781 0.0000707 -0.0000237 0.0000135 -0.0000169 -0.0000109 0.0000813 -0.0001165 
-0.0002159 0.0000167 0.0000200 -0.0000139 0.0000201 0.0000110 -0.0000385 0.0001242 
0.0002251 -0.0000300 -0.0000117 0.0000200 -0.0000161 -0.0000007 -0.0000049 -0.0001400 
-0.0001696 0.0001211 0.0000166 -0.0000284 0.0000261 -0.0000106 0.0000452 0.0001572 
0.0001764 -0.0001561 -0.0000042 0.0000254 -0.0000153 0.0000101 -0.0000797 -0.0001090 
-0.0001426 0.0001627 -0.0000068 -0.0000277 0.0000057 -0.0000136 0.0001080 0.0000873 
0.0000825 -0.0001799 0.0000115 0.0000268 -0.0000074 0.0000181 -0.0001196 -0.0000456 
-0.0000474 0.0002021 -0.0000192 -0.0000168 -0.0000004 -0.0000143 0.0001342 0.0000222 
-0.0000034 -0.0001639 0.0000253 0.0000145 0.0000083 0.0000204 -0.0001333 0.0000123 
0.0000703 0.0001876 -0.0000243 -0.0000065 -0.0000095 -0.0000170 0.0001257 -0.0000543 
-0.0000714 -0.0001727 0.0000269 -0.0000043 0.0000192 0.0000086 -0.0001136 0.0000877 
0.0001354 0.0001278 -0.0000279 0.0000040 -0.0000241 -0.0000104 0.0000958 -0.0001121 
-0.0001629 -0.0001184 0.0000214 -0.0000139 0.0000224 -0.0000017 -0.0000543 0.0001350 
0.0001512 0.0000671 -0.0000186 0.0000215 -0.0000222 0.0000132 0.0000186 -0.0001434 
-0.0001605 -0.0000112 0.0000126 -0.0000234 0.0000198 -0.0000139 0.0000234 0.0001412 
0.0001593 -0.0000139 -0.0000021 0.0000282 -0.0000113 0.0000220 -0.0000451 -0.0001266 
-0.0001166 0.0000679 -0.0000033 -0.0000281 0.0000104 -0.0000263 0.0000731 0.0001148 
0.0001225 -0.0001058 0.0000118 0.0000232 -0.0000024 0.0000243 -0.0001035 -0.0000958 
-0.0000882 0.0001014 -0.0000206 -0.0000206 -0.0000079 -0.0000294 0.0001222 0.0000743 
0.0000463 -0.0001375 0.0000196 0.0000153 0.0000093 0.0000278 -0.0001310 -0.0000510 
-0.0000267 0.0001444 -0.0000246 -0.0000064 -0.0000212 -0.0000219 0.0001432 0.0000147 
-0.0000117 -0.0001101 0.0000274 0.0000018 0.0000304 0.0000172 -0.0001411 0.0000194 
0.0000650 0.0001034 -0.0000247 0.0000054 -0.0000297 -0.0000091 0.0001370 -0.0000559 
-0.0000703 -0.0000929 0.0000243 -0.0000147 0.0000335 -0.0000021 -0.0001107 0.0000746 
0.0001120 0.0000438 -0.0000187 0.0000187 -0.0000325 0.0000063 0.0000939 -0.0000985 
-0.0001199 -0.0000381 0.0000113 -0.0000235 0.0000260 -0.0000149 -0.0000758 0.0001178 
0.0001019 -0.0000069 -0.0000059 0.0000278 -0.0000256 0.0000235 0.0000484 -0.0001282 
-0.0001069 0.0000363 -0.0000013 -0.0000243 0.0000189 -0.0000236 -0.0000266 0.0001314 
0.0000938 -0.0000531 0.0000095 0.0000236 -0.0000102 0.0000305 -0.0000035 -0.0001360 
-0.0000472 0.0000802 -0.0000135 -0.0000222 0.0000044 -0.0000356 0.0000350 0.0001344 
0.0000298 -0.0001129 0.0000187 0.0000160 0.0000053 0.0000305 -0.0000654 -0.0001270 
-0.0000031 0.0000965 -0.0000234 -0.0000129 -0.0000149 -0.0000303 0.0000852 0.0000967 
-0.0000404 -0.0001208 0.0000240 0.0000061 0.0000177 0.0000252 -0.0001033 -0.0000803 
0.0000454 0.0000968 -0.0000252 0.0000013 -0.0000231 -0.0000164 0.0001159 0.0000624 
-0.0000842 -0.0000713 0.0000254 -0.0000069 0.0000272 0.0000136 -0.0001253 -0.0000344 
0.0000971 0.0000568 -0.0000193 0.0000137 -0.0000240 -0.0000056 0.0001230 0.0000161 
-0.0001097 -0.0000259 0.0000157 -0.0000180 0.0000265 -0.0000005 -0.0001239 0.0000141 
0.0001157 -0.0000258 -0.0000126 0.0000198 -0.0000284 0.0000046 0.0001215 -0.0000423 
-0.0001292 0.0000439 0.0000059 -0.0000211 0.0000215 -0.0000114 -0.0001127 0.0000646 
0.0000930 -0.0000734 -0.0000018 0.0000227 -0.0000193 0.0000171 0.0000849 -0.0000908 
-0.0000974 0.0001028 -0.0000031 -0.0000214 0.0000146 -0.0000171 -0.0000663 0.0001040 
0.0000555 -0.0001025 0.0000088 0.0000196 -0.0000073 0.0000199 0.0000450 -0.0001110 
-0.0000229 0.0001315 -0.0000118 -0.0000182 0.0000061 -0.0000206 -0.0000169 0.0001164 
-0.0000029 -0.0001321 0.0000157 0.0000117 -0.0000005 0.0000167 -0.0000028 -0.0001130 
0.0000377 0.0001249 -0.0000185 -0.0000083 -0.0000036 -0.0000175 0.0000296 0.0001059 
-0.0000762 -0.0001211 0.0000185 0.0000053 0.0000045 0.0000183 -0.0000535 -0.0001012 
0.0000917 0.0001137 -0.0000181 -0.0000003 -0.0000090 -0.0000129 0.0000690 0.0000849 
-0.0001207 -0.0000701 0.0000176 -0.0000033 0.0000121 0.0000121 -0.0000971 -0.0000580 
0.0001307 0.0000602 -0.0000164 0.0000064 -0.0000114 -0.0000089 0.0000984 0.0000363 
-0.0001267 -0.0000107 0.0000138 -0.0000103 0.0000132 0.0000040 -0.0000982 -0.0000130 
0.0001360 -0.0000184 -0.0000125 0.0000123 -0.0000134 -0.0000040 0.0000952 -0.0000107 
-0.0001261 0.0000480 0.0000071 -0.0000148 0.0000104 0.0000004 -0.0000825 0.0000309 
0.0001072 -0.0000727 -0.0000038 0.0000169 -0.0000114 0.0000022 0.0000693 -0.0000484 
-0.0000959 0.0001036 0.0000010 -0.0000158 0.0000125 -0.0000021 -0.0000593 0.0000623 
0.0000795 -0.0001028 0.0000036 0.0000150 -0.0000090 0.0000060 0.0000389 -0.0000649 
-0.0000319 0.0001262 -0.0000064 -0.0000139 0.0000089 -0.0000083 -0.0000176 0.0000837 
0.0000173 -0.0001214 0.0000088 0.0000124 -0.0000067 0.0000085 -0.0000002 -0.0000734 
0.0000264 0.0001106 -0.0000121 -0.0000090 0.0000022 -0.0000105 0.0000194 0.0000652 
-0.0000459 -0.0001071 0.0000134 0.0000072 -0.0000020 0.0000106 -0.0000324 -0.0000555 
0.0000690 0.0000929 -0.0000144 -0.0000015 -0.0000014 -0.0000080 0.0000440 0.0000377 
-0.0000785 -0.0000661 0.0000159 -0.0000019 0.0000048 0.0000089 -0.0000471 -0.0000230 
0.0000985 0.0000517 -0.0000129 0.0000048 -0.0000043 -0.0000084 0.0000480 0.0000149 
-0.0000814 -0.0000353 0.0000111 -0.0000089 0.0000086 0.0000047 -0.0000400 -0.0000004 
0.0000971 -0.0000030 -0.0000084 0.0000114 -0.0000103 -0.0000037 0.0000503 -0.0000085 
-0.0000799 0.0000109 0.0000050 -0.0000129 0.0000095 0.0000001 -0.0000361 0.0000163 
0.0000691 -0.0000429 -0.0000004 0.0000147 -0.0000102 0.0000050 0.0000251 -0.0000262 
-0.0000538 0.0000494 -0.0000019 -0.0000139 0.0000084 -0.0000063 -0.0000171 0.0000252 
0.0000398 -0.0000650 0.0000074 0.0000130 -0.0000038 0.0000100 0.0000045 -0.0000295 
-0.0000187 0.0000525 -0.0000117 -0.0000117 0.0000015 -0.0000123 0.0000000 0.0000239 
0.0000095 -0.0000580 0.0000135 0.0000059 0.0000013 0.0000099 -0.0000000 -0.0000191 
-0.0000002 0.0000285 -0.0000167 -0.0000015 -0.0000067 -0.0000119 0.0000061 0.0000123 
-0.0000213 -0.0000376 0.0000165 -0.0000026 0.0000088 0.0000106 0.0000011 -0.0000174 
0.0000174 0.0000184 -0.0000147 0.0000083 -0.0000129 -0.0000058 -0.0000005 0.0000130 
-0.0000296 -0.0000093 0.0000136 -0.0000134 0.0000167 0.0000032 -0.0000026 -0.0000115 
0.0000185 0.0000004 -0.0000087 0.0000158 -0.0000164 0.0000024 -0.0000013 0.0000136 
-0.0000141 0.0000051 0.0000041 -0.0000204 0.0000169 -0.0000097 -0.0000004 -0.0000134 
0.0000009 -0.0000151 0.0000005 0.0000215 -0.0000156 0.0000135 0.0000024 0.0000178 
0.0000060 0.0000122 -0.0000088 -0.0000202 0.0000090 -0.0000177 -0.0000020 -0.0000241 
-0.0000326 -0.0000095 0.0000153 0.0000193 -0.0000063 0.0000222 0.0000072 0.0000243 
0.0000267 0.0000076 -0.0000193 -0.0000148 0.0000004 -0.0000223 -0.0000211 -0.0000367 
-0.0000359 0.0000058 0.0000248 0.0000082 0.0000084 0.0000231 0.0000311 0.0000339 
0.0000324 -0.0000138 -0.0000273 -0.0000031 -0.0000131 -0.0000225 -0.0000415 -0.0000250 
-0.0000295 0.0000269 0.0000266 -0.0000060 0.0000202 0.0000170 0.0000519 0.0000178 
0.0000189 -0.0000395 -0.0000270 0.0000131 -0.0000276 -0.0000123 -0.0000598 -0.0000039 
-0.0000166 0.0000488 0.0000227 -0.0000188 0.0000289 0.0000056 0.0000644 -0.0000117 
-0.0000055 -0.0000547 -0.0000170 0.0000273 -0.0000304 0.0000053 -0.0000686 0.0000266 
0.0000099 0.0000705 0.0000109 -0.0000317 0.0000297 -0.0000116 0.0000607 -0.0000462 
-0.0000273 -0.0000528 -0.0000014 0.0000333 -0.0000240 0.0000196 -0.0000605 0.0000651 
0.0000450 0.0000482 -0.0000087 -0.0000346 0.0000186 -0.0000285 0.0000449 -0.0000823 
-0.0000543 -0.0000319 0.0000157 0.0000319 -0.0000118 0.0000312 -0.0000214 0.0000964 
0.0000638 0.0000197 -0.0000259 -0.0000257 0.0000010 -0.0000347 -0.0000010 -0.0001042 
-0.0000718 0.0000033 0.0000317 0.0000211 0.0000073 0.0000369 0.0000290 0.0001055 
0.0000645 -0.0000126 -0.0000351 -0.0000108 -0.0000170 -0.0000311 -0.0000589 -0.0000984 
-0.0000599 0.0000385 0.0000400 0.0000017 0.0000283 0.0000267 0.0000806 0.0000874 
0.0000594 -0.0000392 -0.0000394 0.0000076 -0.0000328 -0.0000185 -0.0001025 -0.0000639 
-0.0000322 0.0000528 0.0000357 -0.0000188 0.0000376 0.0000062 0.0001185 0.0000459 
0.0000174 -0.0000614 -0.0000311 0.0000284 -0.0000407 0.0000038 -0.0001282 -0.0000176 
0.0000020 0.0000633 0.0000227 -0.0000339 0.0000365 -0.0000141 0.0001330 -0.0000170 
-0.0000178 -0.0000569 -0.0000119 0.0000415 -0.0000322 0.0000260 -0.0001258 0.0000501 
0.0000389 0.0000535 0.0000033 -0.0000425 0.0000266 -0.0000332 0.0001127 -0.0000805 
-0.0000372 -0.0000336 0.0000098 0.0000403 -0.0000134 0.0000391 -0.0000911 0.0001093 
0.0000523 0.0000200 -0.0000191 -0.0000399 0.0000033 -0.0000453 0.0000663 -0.0001247 
-0.0000368 -0.0000101 0.0000275 0.0000325 0.0000093 0.0000423 -0.0000326 0.0001381 
0.0000381 -0.0000148 -0.0000369 -0.0000240 -0.0000241 -0.0000394 0.0000009 -0.0001398 
-0.0000324 0.0000242 0.0000421 0.0000154 0.0000328 0.0000342 0.0000286 0.0001336 
0.0000213 -0.0000333 -0.0000430 -0.0000030 -0.0000412 -0.0000221 -0.0000624 -0.0001244 
-0.0000075 0.0000315 0.0000449 -0.0000089 0.0000478 0.0000106 0.0000881 0.0001035 
-0.0000013 -0.0000321 -0.0000396 0.0000180 -0.0000477 0.0000007 -0.0001093 -0.0000770 
0.0000182 0.0000217 0.0000325 -0.0000296 0.0000465 -0.0000170 0.0001256 0.0000519 
-0.0000278 -0.0000176 -0.0000268 0.0000358 -0.0000435 0.0000276 -0.0001284 -0.0000213 
0.0000298 -0.0000049 0.0000154 -0.0000397 0.0000324 -0.0000388 0.0001274 -0.0000097 
-0.0000357 0.0000161 -0.0000043 0.0000446 -0.0000222 0.0000495 -0.0001154 0.0000369 
0.0000292 -0.0000244 -0.0000050 -0.0000438 0.0000108 -0.0000519 0.0000968 -0.0000581 
-0.0000166 0.0000311 0.0000179 0.0000393 0.0000058 0.0000534 -0.0000800 0.0000783 
0.0000054 -0.0000397 -0.0000272 -0.0000365 -0.0000189 -0.0000519 0.0000573 -0.0000911 
0.0000118 0.0000352 0.0000336 0.0000264 0.0000298 0.0000428 -0.0000316 0.0000971 
-0.0000267 -0.0000386 -0.0000415 -0.0000162 -0.0000431 -0.0000345 0.0000129 -0.0001005 
0.0000339 0.0000276 0.0000422 0.0000079 0.0000485 0.0000244 0.0000089 0.0000906 
-0.0000525 -0.0000208 -0.0000416 0.0000049 -0.0000536 -0.0000087 -0.0000292 -0.0000841 
0.0000526 0.0000059 0.0000410 -0.0000145 0.0000561 -0.0000036 0.0000443 0.0000688 
-0.0000488 0.0000116 -0.0000351 0.0000222 -0.0000506 0.0000155 -0.0000547 -0.0000505 
0.0000411 -0.0000285 0.0000268 -0.0000323 0.0000452 -0.0000302 0.0000619 0.0000361 
-0.0000383 0.0000432 -0.0000210 0.0000371 -0.0000369 0.0000390 -0.0000640 -0.0000198 
0.0000161 -0.0000556 0.0000083 -0.0000393 0.0000221 -0.0000447 0.0000618 0.0000027 
-0.0000050 0.0000594 0.0000017 0.0000426 -0.0000120 0.0000510 -0.0000577 0.0000027 
-0.0000141 -0.0000517 -0.0000102 -0.0000378 0.0000003 -0.0000489 0.0000476 -0.0000159 
0.0000262 0.0000519 0.0000212 0.0000329 0.0000138 0.0000469 -0.0000427 0.0000243 
-0.0000386 -0.0000350 -0.0000273 -0.0000284 -0.0000219 -0.0000430 0.0000314 -0.0000291 
0.0000503 0.0000164 0.0000316 0.0000193 0.0000296 0.0000321 -0.0000188 0.0000362 
-0.0000570 0.0000008 -0.0000372 -0.0000094 -0.0000379 -0.0000240 0.0000110 -0.0000361 
0.0000529 -0.0000123 0.0000365 0.0000031 0.0000397 0.0000145 -0.0000050 0.0000341 
-0.0000465 0.0000372 -0.0000344 0.0000094 -0.0000390 -0.0000002 -0.0000054 -0.0000320 
0.0000322 -0.0000416 0.0000335 -0.0000167 0.0000391 -0.0000068 0.0000036 0.0000261 
-0.0000126 0.0000501 -0.0000241 0.0000232 -0.0000312 0.0000147 -0.0000123 -0.0000170 
-0.0000036 -0.0000463 0.0000172 -0.0000304 0.0000264 -0.0000231 0.0000151 0.0000149 
0.0000256 0.0000408 -0.0000101 0.0000315 -0.0000204 0.0000243 -0.0000149 -0.0000117 
-0.0000432 -0.0000340 -0.0000004 -0.0000309 0.0000090 -0.0000261 0.0000202 0.0000025 
0.0000509 0.0000238 0.0000091 0.0000319 -0.0000029 0.0000281 -0.0000182 0.0000014 
-0.0000458 -0.0000008 -0.0000140 -0.0000256 -0.0000029 -0.0000245 0.0000163 -0.0000036 
0.0000475 -0.0000161 0.0000236 0.0000199 0.0000130 0.0000206 -0.0000152 0.0000083 
-0.0000346 0.0000312 -0.0000265 -0.0000154 -0.0000139 -0.0000176 0.0000051 -0.0000072 
0.0000228 -0.0000538 0.0000284 0.0000033 0.0000160 0.0000087 0.0000005 0.0000093 
-0.0000044 0.0000590 -0.0000306 0.0000047 -0.0000186 -0.0000046 -0.0000025 -0.0000086 
-0.0000212 -0.0000601 0.0000256 -0.0000113 0.0000144 0.0000005 0.0000059 0.0000055 
0.0000362 0.0000574 -0.0000202 0.0000206 -0.0000124 0.0000079 -0.0000095 -0.0000099 
-0.0000491 -0.0000370 0.0000158 -0.0000254 0.0000108 -0.0000090 0.0000095 0.0000072 
0.0000678 0.0000179 -0.0000050 0.0000269 -0.0000049 0.0000105 -0.0000109 0.0000008 
-0.0000708 0.0000035 -0.0000034 -0.0000307 0.0000014 -0.0000157 0.0000112 -0.0000026 
0.0000663 -0.0000317 0.0000096 0.0000271 0.0000019 0.0000116 -0.0000068 0.0000132 
-0.0000622 0.0000570 -0.0000214 -0.0000236 -0.0000087 -0.0000104 0.0000082 -0.0000157 
0.0000472 -0.0000733 0.0000272 0.0000191 0.0000099 0.0000094 -0.0000002 0.0000166 
-0.0000175 0.0000922 -0.0000314 -0.0000084 -0.0000116 -0.0000028 -0.0000089 -0.0000177 
-0.0000063 -0.0000905 0.0000362 -0.0000013 0.0000168 -0.0000001 0.0000081 0.0000142 
0.0000437 0.0000837 -0.0000347 0.0000094 -0.0000143 0.0000026 -0.0000114 -0.0000084 
-0.0000716 -0.0000808 0.0000303 -0.0000225 0.0000131 -0.0000080 0.0000193 0.0000040 
0.0000922 0.0000531 -0.0000273 0.0000303 -0.0000159 0.0000099 -0.0000191 0.0000033 
-0.0001144 -0.0000208 0.0000162 -0.0000355 0.0000097 -0.0000129 0.0000242 -0.0000101 
0.0001216 -0.0000054 -0.0000073 0.0000436 -0.0000078 0.0000179 -0.0000198 0.0000131 
-0.0001141 0.0000445 -0.0000026 -0.0000441 0.0000058 -0.0000178 0.0000133 -0.0000243 
0.0001071 -0.0000798 0.0000169 0.0000430 0.0000013 0.0000195 -0.0000083 0.0000304 
-0.0000726 0.0001064 -0.0000280 -0.0000407 -0.0000035 -0.0000232 -0.0000082 -0.0000286 
0.0000403 -0.0001397 0.0000364 0.0000321 0.0000068 0.0000202 0.0000192 0.0000265 
-0.0000091 0.0001494 -0.0000483 -0.0000213 -0.0000128 -0.0000191 -0.0000266 -0.0000266 
-0.0000398 -0.0001439 0.0000520 0.0000120 0.0000143 0.0000216 0.0000378 0.0000166 
0.0000813 0.0001383 -0.0000529 0.0000049 -0.0000186 -0.0000151 -0.0000400 -0.0000094 
-0.0001107 -0.0001148 0.0000545 -0.0000162 0.0000246 0.0000137 0.0000408 -0.0000080 
0.0001467 0.0000737 -0.0000477 0.0000284 -0.0000253 -0.0000106 -0.0000418 0.0000227 
-0.0001643 -0.0000440 0.0000401 -0.0000421 0.0000291 0.0000026 0.0000388 -0.0000315 
0.0001692 -0.0000158 -0.0000315 0.0000505 -0.0000336 -0.0000001 -0.0000242 0.0000517 
-0.0001768 0.0000573 0.0000168 -0.0000556 0.0000318 -0.0000058 0.0000116 -0.0000610 
0.0001530 -0.0000937 -0.0000025 0.0000621 -0.0000313 0.0000141 0.0000047 0.0000615 
-0.0001183 0.0001388 -0.0000098 -0.0000595 0.0000333 -0.0000172 -0.0000223 -0.0000646 
0.0000895 -0.0001660 0.0000276 0.0000541 -0.0000265 0.0000251 0.0000405 0.0000518 
-0.0000379 0.0001760 -0.0000375 -0.0000489 0.0000242 -0.0000336 -0.0000600 -0.0000396 
-0.0000144 -0.0001922 0.0000468 0.0000361 -0.0000187 0.0000364 0.0000720 0.0000238 
0.0000489 0.0001770 -0.0000562 -0.0000242 0.0000082 -0.0000422 -0.0000742 -0.0000019 
-0.0001074 -0.0001574 0.0000584 0.0000123 -0.0000035 0.0000476 0.0000831 -0.0000208 
0.0001345 0.0001405 -0.0000579 0.0000040 -0.0000065 -0.0000458 -0.0000763 0.0000408 
-0.0001612 -0.0000953 0.0000578 -0.0000171 0.0000183 0.0000451 0.0000586 -0.0000637 
0.0001858 0.0000486 -0.0000495 0.0000273 -0.0000236 -0.0000451 -0.0000424 0.0000786 
-0.0001877 -0.0000145 0.0000397 -0.0000414 0.0000350 0.0000365 0.0000129 -0.0000901 
0.0001727 -0.0000401 -0.0000304 0.0000456 -0.0000446 -0.0000315 0.0000103 0.0000972 
-0.0001708 0.0000851 0.0000158 -0.0000497 0.0000483 0.0000220 -0.0000381 -0.0000906 
0.0001349 -0.0001046 -0.0000042 0.0000524 -0.0000546 -0.0000088 0.0000660 0.0000729 
-0.0001080 0.0001468 -0.0000062 -0.0000483 0.0000587 0.0000014 -0.0000840 -0.0000599 
0.0000822 -0.0001555 0.0000188 0.0000429 -0.0000551 0.0000117 0.0000942 0.0000334 
-0.0000326 0.0001636 -0.0000263 -0.0000385 0.0000523 -0.0000253 -0.0001050 0.0000010 
-0.0000047 -0.0001746 0.0000310 0.0000279 -0.0000487 0.0000311 0.0000995 -0.0000294 
0.0000314 0.0001585 -0.0000387 -0.0000183 0.0000378 -0.0000435 -0.0000907 0.0000622 
-0.0000758 -0.0001364 0.0000366 0.0000098 -0.0000299 0.0000522 0.0000724 -0.0000828 
0.0001020 0.0001305 -0.0000356 0.0000016 0.0000181 -0.0000540 -0.0000434 0.0001034 
-0.0001155 -0.0000912 0.0000334 -0.0000084 -0.0000035 0.0000589 0.0000102 -0.0001153 
0.0001431 0.0000710 -0.0000263 0.0000135 -0.0000046 -0.0000593 0.0000195 0.0001099 
-0.0001381 -0.0000457 0.0000197 -0.0000199 0.0000179 0.0000534 -0.0000532 -0.0000992 
0.0001412 0.0000060 -0.0000159 0.0000205 -0.0000308 -0.0000485 0.0000861 0.0000860 
-0.0001536 0.0000200 0.0000070 -0.0000199 0.0000344 0.0000422 -0.0001075 -0.0000561 
0.0001331 -0.0000440 -0.0000030 0.0000221 -0.0000450 -0.0000301 0.0001228 0.0000287 
-0.0001119 0.0000839 -0.0000017 -0.0000165 0.0000505 0.0000217 -0.0001227 0.0000092 
0.0001117 -0.0001020 0.0000067 0.0000138 -0.0000495 -0.0000098 0.0001185 -0.0000452 
-0.0000703 0.0001150 -0.0000077 -0.0000112 0.0000519 -0.0000034 -0.0001059 0.0000775 
0.0000575 -0.0001394 0.0000068 0.0000053 -0.0000491 0.0000092 0.0000755 -0.0001019 
-0.0000287 0.0001330 -0.0000082 -0.0000021 0.0000417 -0.0000200 -0.0000443 0.0001243 
-0.0000108 -0.0001375 0.0000043 0.0000019 -0.0000363 0.0000300 0.0000127 -0.0001351 
0.0000351 0.0001453 -0.0000011 0.0000019 0.0000287 -0.0000301 0.0000263 0.0001352 
-0.0000622 -0.0001224 0.0000025 0.0000003 -0.0000182 0.0000376 -0.0000552 -0.0001243 
0.0001061 0.0001066 0.0000021 -0.0000007 0.0000119 -0.0000398 0.0000920 0.0001032 
-0.0001178 -0.0001005 -0.0000027 0.0000005 -0.0000027 0.0000366 -0.0001145 -0.0000782 
0.0001374 0.0000492 0.0000018 -0.0000039 -0.0000073 -0.0000377 0.0001284 0.0000466 
-0.0001544 -0.0000330 -0.0000037 0.0000062 0.0000091 0.0000330 -0.0001394 -0.0000068 
0.0001443 -0.0000080 0.0000018 -0.0000065 -0.0000167 -0.0000264 0.0001383 -0.0000272 
-0.0001434 0.0000477 0.0000020 0.0000099 0.0000229 0.0000226 -0.0001263 0.0000579 
0.0001402 -0.0000733 -0.0000023 -0.0000117 -0.0000200 -0.0000158 0.0001073 -0.0000867 
-0.0001028 0.0001058 0.0000085 0.0000077 0.0000251 0.0000093 -0.0000816 0.0001044 
0.0000791 -0.0001495 -0.0000102 -0.0000085 -0.0000252 -0.0000060 0.0000530 -0.0001285 
-0.0000632 0.0001499 0.0000116 0.0000052 0.0000217 -0.0000004 -0.0000229 0.0001303 
-0.0000018 -0.0001626 -0.0000143 -0.0000004 -0.0000229 0.0000065 -0.0000069 -0.0001275 
0.0000287 0.0001638 0.0000145 -0.0000009 0.0000184 -0.0000049 0.0000404 0.0001272 
-0.0000709 -0.0001378 -0.0000123 0.0000054 -0.0000136 0.0000103 -0.0000643 -0.0001148 
0.0001126 0.0001233 0.0000125 -0.0000100 0.0000122 -0.0000138 0.0000846 0.0000939 
-0.0001250 -0.0000966 -0.0000107 0.0000108 -0.0000070 0.0000097 -0.0001005 -0.0000728 
0.0001462 0.0000437 0.0000038 -0.0000157 0.0000037 -0.0000135 0.0001084 0.0000453 
-0.0001778 -0.0000188 -0.0000019 0.0000156 -0.0000035 0.0000133 -0.0001226 -0.0000258 
0.0001531 -0.0000098 -0.0000035 -0.0000143 -0.0000009 -0.0000096 0.0001143 0.0000022 
-0.0001481 0.0000697 0.0000092 0.0000136 0.0000039 0.0000121 -0.0001131 0.0000211 
0.0001274 -0.0000905 -0.0000098 -0.0000099 -0.0000009 -0.0000079 0.0001142 -0.0000442 
-0.0000885 0.0001249 0.0000128 0.0000045 0.0000046 0.0000050 -0.0001013 0.0000652 
0.0000601 -0.0001521 -0.0000147 -0.0000025 -0.0000066 -0.0000057 0.0000857 -0.0000808 
-0.0000240 0.0001355 0.0000118 -0.0000016 0.0000017 0.0000015 -0.0000695 0.0000958 
-0.0000245 -0.0001381 -0.0000129 0.0000071 -0.0000050 -0.0000009 0.0000428 -0.0001079 
0.0000377 0.0001484 0.0000090 -0.0000089 0.0000048 0.0000025 -0.0000309 0.0001222 
-0.0000616 -0.0000972 -0.0000042 0.0000117 -0.0000015 0.0000005 0.0000063 -0.0001203 
0.0000984 0.0000915 0.0000011 -0.0000145 0.0000047 -0.0000014 0.0000198 0.0001238 
-0.0000970 -0.0000615 0.0000041 0.0000105 -0.0000010 -0.0000027 -0.0000460 -0.0001283 
0.0001145 0.0000220 -0.0000096 -0.0000094 -0.0000006 -0.0000001 0.0000742 0.0001162 
-0.0001207 -0.0000057 0.0000104 0.0000064 -0.0000024 0.0000010 -0.0000992 -0.0001026 
0.0000896 -0.0000199 -0.0000119 0.0000008 -0.0000013 0.0000039 0.0001218 0.0000798 
-0.0000842 0.0000518 0.0000127 -0.0000017 -0.0000001 -0.0000007 -0.0001426 -0.0000421 
0.0000767 -0.0000377 -0.0000101 0.0000070 0.0000035 0.0000011 0.0001543 0.0000228 
-0.0000290 0.0000509 0.0000078 -0.0000118 -0.0000022 -0.0000036 -0.0001540 0.0000187 
0.0000376 -0.0000552 -0.0000053 0.0000130 0.0000028 -0.0000006 0.0001537 -0.0000556 
-0.0000180 0.0000431 -0.0000016 -0.0000156 -0.0000070 -0.0000026 -0.0001449 0.0000867 
0.0000047 -0.0000517 0.0000063 0.0000164 0.0000047 0.0000021 0.0001213 -0.0001264 
-0.0000085 0.0000514 -0.0000106 -0.0000127 -0.0000046 0.0000029 -0.0000923 0.0001527 
-0.0000023 -0.0000224 0.0000189 0.0000086 0.0000090 0.0000002 0.0000496 -0.0001763 
0.0000121 0.0000313 -0.0000178 -0.0000035 -0.0000059 0.0000039 0.0000017 0.0001898 
0.0000250 -0.0000273 0.0000200 -0.0000026 0.0000051 -0.0000082 -0.0000357 -0.0001822 
-0.0000132 -0.0000008 -0.0000203 0.0000090 -0.0000053 0.0000077 0.0000896 0.0001674 
0.0000214 -0.0000359 0.0000158 -0.0000137 -0.0000005 -0.0000099 -0.0001305 -0.0001424 
-0.0000304 0.0000366 -0.0000130 0.0000202 -0.0000012 0.0000136 0.0001541 0.0001111 
0.0000097 -0.0000475 0.0000083 -0.0000237 -0.0000018 -0.0000104 -0.0001837 -0.0000670 
-0.0000030 0.0000715 0.0000000 0.0000253 0.0000086 0.0000099 0.0001940 0.0000209 
0.0000017 -0.0000637 -0.0000076 -0.0000290 -0.0000065 -0.0000116 -0.0001952 0.0000331 
0.0000326 0.0000608 0.0000151 0.0000229 0.0000114 0.0000069 0.0001891 -0.0000847 
-0.0000379 -0.0000919 -0.0000225 -0.0000193 -0.0000168 -0.0000043 -0.0001481 0.0001217 
0.0000353 0.0000659 0.0000277 0.0000141 0.0000149 0.0000024 0.0001121 -0.0001655 
-0.0000796 -0.0000658 -0.0000294 -0.0000036 -0.0000172 0.0000062 -0.0000609 0.0001843 
0.0000914 0.0000571 0.0000317 -0.0000024 0.0000182 -0.0000058 0.0000140 -0.0001815 
-0.0001112 -0.0000181 -0.0000297 0.0000097 -0.0000127 0.0000101 0.0000308 0.0001795 
0.0001312 -0.0000071 0.0000258 -0.0000195 0.0000104 -0.0000175 -0.0000785 -0.0001613 
-0.0001051 0.0000282 -0.0000231 0.0000252 -0.0000088 0.0000143 0.0001177 0.0001343 
0.0000960 -0.0000687 0.0000136 -0.0000312 0.0000029 -0.0000188 -0.0001428 -0.0001066 
-0.0001015 0.0000716 -0.0000051 0.0000343 0.0000015 0.0000226 0.0001583 0.0000478 
0.0000560 -0.0000778 -0.0000018 -0.0000346 -0.0000051 -0.0000181 -0.0001670 -0.0000051 
-0.0000497 0.0001084 0.0000144 0.0000308 0.0000145 0.0000183 0.0001570 -0.0000436 
0.0000277 -0.0001055 -0.0000187 -0.0000286 -0.0000129 -0.0000169 -0.0001214 0.0000779 
0.0000111 0.0001212 0.0000240 0.0000212 0.0000171 0.0000086 0.0000910 -0.0001014 
-0.0000316 -0.0001230 -0.0000303 -0.0000140 -0.0000234 -0.0000056 -0.0000544 0.0001199 
0.0000553 0.0000900 0.0000298 0.0000090 0.0000168 0.0000013 0.0000204 -0.0001200 
-0.0000843 -0.0000747 -0.0000326 0.0000009 -0.0000197 0.0000052 0.0000045 0.0001098 
0.0000730 0.0000533 0.0000313 -0.0000087 0.0000208 -0.0000076 -0.0000498 -0.0001002 
-0.0000762 -0.0000104 -0.0000264 0.0000128 -0.0000136 0.0000100 0.0000661 0.0000729 
0.0000696 0.0000084 0.0000209 -0.0000223 0.0000134 -0.0000176 -0.0000858 -0.0000506 
-0.0000646 0.0000073 -0.0000157 0.0000231 -0.0000092 0.0000137 0.0000909 0.0000080 
0.0000649 -0.0000135 0.0000079 -0.0000232 0.0000004 -0.0000156 -0.0000824 0.0000254 
-0.0000646 0.0000314 -0.0000016 0.0000268 0.0000010 0.0000199 0.0000638 -0.0000432 
0.0000350 -0.0000349 0.0000002 -0.0000207 -0.0000042 -0.0000093 -0.0000304 0.0000622 
-0.0000286 0.0000463 0.0000066 0.0000220 0.0000079 0.0000108 0.0000057 -0.0000578 
0.0000098 -0.0000170 -0.0000108 -0.0000189 -0.0000074 -0.0000102 0.0000130 0.0000695 
0.0000191 0.0000143 0.0000102 0.0000137 0.0000076 0.0000036 -0.0000404 -0.0000495 
0.0000011 0.0000044 -0.0000160 -0.0000116 -0.0000112 -0.0000054 0.0000477 0.0000323 
-0.0000065 -0.0000117 0.0000136 0.0000078 0.0000037 0.0000021 -0.0000693 -0.0000191 
0.0000290 0.0000025 -0.0000117 -0.0000027 -0.0000055 0.0000047 0.0000781 -0.0000025 
-0.0000306 0.0000011 0.0000142 0.0000009 0.0000079 -0.0000015 -0.0000641 0.0000381 
0.0000340 -0.0000102 -0.0000084 -0.0000039 0.0000027 0.0000016 0.0000579 -0.0000729 
-0.0000307 0.0000181 0.0000109 -0.0000001 -0.0000013 -0.0000031 -0.0000311 0.0000856 
0.0000458 -0.0000205 -0.0000116 0.0000002 -0.0000011 -0.0000024 0.0000077 -0.0000841 
-0.0000499 0.0000178 0.0000090 0.0000020 -0.0000044 0.0000034 0.0000233 0.0000937 
0.0000437 -0.0000360 -0.0000129 0.0000044 -0.0000034 -0.0000013 -0.0000563 -0.0000644 
-0.0000383 0.0000670 0.0000110 -0.0000024 0.0000015 0.0000090 0.0000591 0.0000625 
0.0000236 -0.0000888 -0.0000093 0.0000027 0.0000019 -0.0000062 -0.0000652 -0.0000443 
0.0000164 0.0000977 0.0000109 -0.0000097 0.0000049 0.0000013 0.0000940 0.0000107 
-0.0000413 -0.0000856 -0.0000136 0.0000071 -0.0000058 -0.0000097 -0.0000996 -0.0000001 
0.0000616 0.0000687 0.0000095 -0.0000120 0.0000052 0.0000066 0.0000918 -0.0000297 
-0.0000684 -0.0000556 -0.0000080 0.0000176 -0.0000119 -0.0000006 -0.0000703 0.0000495 
0.0000747 0.0000352 0.0000074 -0.0000152 0.0000110 0.0000048 0.0000559 -0.0000618 
-0.0000731 -0.0000117 0.0000027 0.0000224 -0.0000074 0.0000062 -0.0000223 0.0000912 
0.0000928 -0.0000098 -0.0000031 -0.0000202 0.0000144 -0.0000051 0.0000129 -0.0000647 
-0.0000929 0.0000206 0.0000076 0.0000168 -0.0000080 0.0000031 0.0000089 0.0000487 
0.0000893 -0.0000743 -0.0000183 -0.0000170 0.0000009 -0.0000112 -0.0000245 -0.0000630 
-0.0000634 0.0000850 0.0000154 0.0000137 -0.0000075 0.0000073 0.0000068 0.0000497 
0.0000249 -0.0001038 -0.0000225 -0.0000077 0.0000014 -0.0000055 -0.0000288 -0.0000420 
0.0000121 0.0001044 0.0000274 0.0000042 0.0000034 0.0000122 0.0000307 0.0000275 
-0.0000465 -0.0000827 -0.0000208 0.0000026 0.0000030 -0.0000073 -0.0000148 -0.0000121 
0.0000838 0.0000575 0.0000269 -0.0000137 0.0000088 0.0000028 0.0000454 0.0000047 
-0.0000918 -0.0000568 -0.0000204 0.0000167 -0.0000043 -0.0000070 -0.0000053 -0.0000037 
0.0000762 0.0000188 0.0000115 -0.0000212 0.0000006 -0.0000009 -0.0000026 -0.0000031 
-0.0001266 -0.0000119 -0.0000100 0.0000328 -0.0000074 0.0000082 -0.0000181 -0.0000126 
0.0001033 -0.0000271 0.0000007 -0.0000240 -0.0000030 0.0000014 0.0000010 0.0000467 
-0.0001127 0.0000672 0.0000071 0.0000295 0.0000064 0.0000032 -0.0000281 -0.0000276 
0.0000819 -0.0001155 -0.0000133 -0.0000297 -0.0000026 -0.0000044 0.0000245 0.0000332 
-0.0000320 0.0001499 0.0000211 0.0000164 0.0000086 -0.0000049 -0.0000328 -0.0000421 
-0.0000136 -0.0001668 -0.0000286 -0.0000196 -0.0000103 -0.0000030 0.0000606 -0.0000016 
0.0000461 0.0001526 0.0000295 0.0000091 0.0000039 -0.0000063 -0.0000566 -0.0000200 
-0.0000964 -0.0001195 -0.0000309 0.0000057 -0.0000127 0.0000126 0.0000432 -0.0000031 
0.0000982 0.0001218 0.0000377 -0.0000069 0.0000143 -0.0000062 -0.0000763 0.0000377 
-0.0001336 -0.0000719 -0.0000230 0.0000187 -0.0000010 0.0000203 0.0000959 -0.0000253 
0.0001620 0.0000695 0.0000261 -0.0000253 0.0000030 -0.0000258 -0.0000610 0.0000786 
-0.0001788 -0.0000273 -0.0000187 0.0000261 0.0000036 0.0000183 0.0000413 -0.0000902 
0.0002151 -0.0000490 0.0000011 -0.0000354 -0.0000177 -0.0000271 -0.0000203 0.0000867 
-0.0002009 0.0000668 -0.0000074 0.0000347 0.0000077 0.0000184 -0.0000468 -0.0001407 
0.0001592 -0.0001328 -0.0000074 -0.0000324 -0.0000237 -0.0000101 0.0000459 0.0000916 
-0.0001236 0.0001842 0.0000233 0.0000290 0.0000294 0.0000174 -0.0001079 -0.0000609 
0.0000793 -0.0001573 -0.0000172 -0.0000332 -0.0000196 -0.0000156 0.0001320 0.0000738 
-0.0000490 0.0002017 0.0000269 0.0000167 0.0000338 -0.0000019 -0.0001027 -0.0000285 
0.0000280 -0.0001899 -0.0000318 -0.0000169 -0.0000402 0.0000030 0.0001545 -0.0000111 
0.0000120 0.0002147 0.0000250 0.0000097 0.0000272 -0.0000123 -0.0001381 0.0000628 
-0.0000772 -0.0002431 -0.0000381 0.0000095 -0.0000398 0.0000277 0.0000986 -0.0001244 
0.0000952 0.0002223 0.0000304 0.0000056 0.0000234 -0.0000125 -0.0001357 0.0001727 
-0.0001649 -0.0001822 -0.0000253 0.0000138 -0.0000088 0.0000381 0.0000136 -0.0001790 
0.0002155 0.0001753 0.0000227 -0.0000261 0.0000181 -0.0000377 0.0000469 0.0002483 
-0.0001776 -0.0000768 -0.0000288 0.0000079 -0.0000130 0.0000175 -0.0000767 -0.0002203 
0.0002646 0.0000742 0.0000147 -0.0000254 -0.0000009 -0.0000424 0.0001821 0.0001054 
-0.0002019 -0.0000370 -0.0000217 0.0000247 -0.0000039 0.0000442 -0.0002077 -0.0001515 
0.0002435 0.0000187 0.0000108 -0.0000092 -0.0000143 -0.0000252 0.0002646 0.0000775 
-0.0003176 -0.0000027 0.0000026 0.0000422 0.0000295 0.0000551 -0.0003649 0.0000701 
0.0002817 -0.0000579 0.0000225 -0.0000241 -0.0000074 -0.0000231 0.0003062 -0.0000385 
-0.0002829 0.0001094 -0.0000041 0.0000264 0.0000372 0.0000111 -0.0003210 0.0002511 
0.0002862 -0.0002530 -0.0000150 -0.0000348 -0.0000333 -0.0000299 0.0003137 -0.0003102 
-0.0002001 0.0001622 -0.0000281 0.0000465 -0.0000069 0.0000298 -0.0001954 0.0003923 
0.0002651 -0.0003025 -0.0000121 -0.0000313 -0.0000468 -0.0000186 -0.0000208 -0.0005782 
