%19-Mar-2019 16:11:07
%Comment: Enter a comment
%--------------------------------------------- 
%                   Setup 
%--------------------------------------------- 
%Number of measurements stored in this file: 1
%Center Frequency: 1.5GHz
%Center Frequency: 1.5GHz
%Number of Averages: 4 
%Start Pos: 0 degrees
%Stop Pos: 0 degrees
%Polarizations in order: VVVHHVHH 
%Columns of real and imaginary data. Col 1 = real, col 2 = imaginary. If more than 2 columns, odd columns are real and even columns are imaginary. 
%Az: 0 ================== 
0.0007422 0.0007236 -0.0003600 -0.0000778 -0.0002090 -0.0003447 -0.0018806 0.0008783 
-0.0015810 -0.0009410 0.0002233 -0.0000374 0.0001464 0.0002213 0.0010777 -0.0014853 
0.0015815 0.0006840 -0.0002008 0.0001179 -0.0001976 -0.0001397 -0.0007057 0.0015750 
-0.0016927 -0.0001612 0.0001706 -0.0001318 0.0002281 0.0001056 0.0002043 -0.0016534 
0.0016055 -0.0001177 -0.0000825 0.0001578 -0.0001933 -0.0000458 0.0001459 0.0015402 
-0.0014058 0.0004725 0.0000575 -0.0001909 0.0002127 -0.0000260 -0.0004935 -0.0013611 
0.0010954 -0.0007861 -0.0000177 0.0001581 -0.0001838 0.0000392 0.0007360 0.0011473 
-0.0010035 0.0009061 -0.0000458 -0.0001575 0.0001428 -0.0000885 -0.0008831 -0.0009630 
0.0004858 -0.0009030 0.0000366 0.0001723 -0.0001513 0.0001491 0.0009608 0.0007029 
-0.0004295 0.0011853 -0.0000804 -0.0001022 0.0000882 -0.0001294 -0.0011594 -0.0003448 
0.0002280 -0.0011035 0.0001166 0.0000807 -0.0000327 0.0001517 0.0011413 0.0000536 
0.0001470 0.0011551 -0.0001103 -0.0000527 0.0000093 -0.0001559 -0.0010912 0.0002384 
-0.0002993 -0.0010892 0.0001214 -0.0000117 0.0000378 0.0001174 0.0009465 -0.0005116 
0.0005387 0.0008602 -0.0001223 0.0000192 -0.0000741 -0.0001188 -0.0007365 0.0006763 
-0.0008056 -0.0006378 0.0000842 -0.0000474 0.0000767 0.0000836 0.0005226 -0.0008099 
0.0008162 0.0004690 -0.0000738 0.0000793 -0.0000991 -0.0000448 -0.0003186 0.0008098 
-0.0008499 -0.0000603 0.0000620 -0.0000594 0.0001169 0.0000473 0.0000502 -0.0007776 
0.0009000 0.0000145 -0.0000136 0.0000809 -0.0000953 0.0000016 0.0001434 0.0008361 
-0.0007663 0.0001715 -0.0000007 -0.0000897 0.0000969 -0.0000363 -0.0003327 -0.0007293 
0.0007300 -0.0004116 0.0000246 0.0000682 -0.0000816 0.0000483 0.0005169 0.0006132 
-0.0005984 0.0004855 -0.0000619 -0.0000662 0.0000447 -0.0000745 -0.0006467 -0.0004346 
0.0003645 -0.0006363 0.0000571 0.0000498 -0.0000349 0.0000856 0.0007144 0.0002266 
-0.0001734 0.0007775 -0.0000695 -0.0000135 0.0000016 -0.0000760 -0.0007224 -0.0000329 
-0.0000007 -0.0006916 0.0000777 0.0000008 0.0000303 0.0000766 0.0006316 -0.0001665 
0.0003062 0.0006847 -0.0000458 0.0000187 -0.0000259 -0.0000663 -0.0005368 0.0003699 
-0.0003667 -0.0005808 0.0000473 -0.0000503 0.0000558 0.0000391 0.0004587 -0.0004655 
0.0004953 0.0003628 -0.0000377 0.0000523 -0.0000719 -0.0000301 -0.0002991 0.0005586 
-0.0006088 -0.0002680 0.0000084 -0.0000617 0.0000665 0.0000062 0.0001416 -0.0006160 
0.0005872 0.0000800 -0.0000015 0.0000753 -0.0000732 0.0000248 0.0000360 0.0006235 
-0.0006157 0.0001546 -0.0000194 -0.0000563 0.0000631 -0.0000338 -0.0002264 -0.0005859 
0.0006168 -0.0002870 0.0000476 0.0000537 -0.0000416 0.0000582 0.0003695 0.0004933 
-0.0004172 0.0004609 -0.0000524 -0.0000426 0.0000277 -0.0000740 -0.0005149 -0.0003310 
0.0003687 -0.0006580 0.0000667 -0.0000014 -0.0000023 0.0000540 0.0006371 0.0001698 
-0.0001242 0.0006260 -0.0000760 0.0000034 -0.0000222 -0.0000706 -0.0006062 -0.0000266 
-0.0001236 -0.0006496 0.0000645 -0.0000207 0.0000335 0.0000657 0.0005949 -0.0001566 
0.0002543 0.0006117 -0.0000598 0.0000469 -0.0000531 -0.0000452 -0.0005248 0.0002939 
-0.0004394 -0.0004917 0.0000528 -0.0000501 0.0000717 0.0000376 0.0004261 -0.0004401 
0.0006039 0.0003891 -0.0000250 0.0000646 -0.0000702 -0.0000154 -0.0003037 0.0005531 
-0.0006574 -0.0002536 0.0000122 -0.0000792 0.0000804 -0.0000111 0.0001344 -0.0006187 
0.0007257 -0.0000169 0.0000059 0.0000709 -0.0000784 0.0000267 0.0000619 0.0006665 
-0.0007525 0.0001495 -0.0000428 -0.0000731 0.0000527 -0.0000513 -0.0002277 -0.0006461 
0.0006211 -0.0003837 0.0000493 0.0000683 -0.0000484 0.0000700 0.0003981 0.0005357 
-0.0005365 0.0005974 -0.0000645 -0.0000453 0.0000301 -0.0000731 -0.0005365 -0.0004221 
0.0003560 -0.0006759 0.0000817 0.0000312 -0.0000016 0.0000813 0.0006273 0.0002595 
-0.0001319 0.0007889 -0.0000738 -0.0000124 -0.0000100 -0.0000834 -0.0006821 -0.0000888 
-0.0000373 -0.0008296 0.0000795 -0.0000177 0.0000354 0.0000695 0.0006998 -0.0000871 
0.0002379 0.0007341 -0.0000787 0.0000305 -0.0000564 -0.0000657 -0.0006547 0.0002765 
-0.0004770 -0.0006935 0.0000605 -0.0000490 0.0000656 0.0000508 0.0005973 -0.0004559 
0.0005901 0.0005558 -0.0000539 0.0000751 -0.0000837 -0.0000189 -0.0004677 0.0005754 
-0.0007591 -0.0003431 0.0000373 -0.0000762 0.0000883 0.0000054 0.0002775 -0.0007050 
0.0008537 0.0001597 -0.0000086 0.0000825 -0.0000796 0.0000173 -0.0000944 0.0007626 
-0.0008368 0.0000733 -0.0000078 -0.0000868 0.0000750 -0.0000425 -0.0001207 -0.0007655 
0.0008001 -0.0003152 0.0000288 0.0000705 -0.0000633 0.0000524 0.0003056 0.0007141 
-0.0007025 0.0004764 -0.0000530 -0.0000662 0.0000411 -0.0000703 -0.0004831 -0.0006165 
0.0004890 -0.0006392 0.0000603 0.0000537 -0.0000281 0.0000802 0.0006355 0.0004756 
-0.0003549 0.0007778 -0.0000715 -0.0000306 0.0000083 -0.0000784 -0.0007421 -0.0003253 
0.0001242 -0.0007921 0.0000842 0.0000202 0.0000211 0.0000847 0.0007884 0.0001195 
0.0001107 0.0008226 -0.0000774 -0.0000019 -0.0000346 -0.0000777 -0.0008158 0.0001008 
-0.0002912 -0.0007744 0.0000752 -0.0000246 0.0000532 0.0000588 0.0007648 -0.0003009 
0.0004906 0.0006433 -0.0000707 0.0000371 -0.0000711 -0.0000468 -0.0006722 0.0004988 
-0.0006592 -0.0004916 0.0000489 -0.0000543 0.0000726 0.0000273 0.0005199 -0.0006497 
0.0007209 0.0002989 -0.0000395 0.0000692 -0.0000803 -0.0000033 -0.0003347 0.0007640 
-0.0007814 -0.0000450 0.0000223 -0.0000698 0.0000781 -0.0000123 0.0001296 -0.0008325 
0.0007623 -0.0001150 0.0000003 0.0000736 -0.0000673 0.0000305 0.0000714 0.0008323 
-0.0006510 0.0003450 -0.0000073 -0.0000754 0.0000669 -0.0000527 -0.0002863 -0.0007700 
0.0005660 -0.0005019 0.0000272 0.0000628 -0.0000491 0.0000607 0.0004850 0.0006949 
-0.0004181 0.0006031 -0.0000465 -0.0000545 0.0000266 -0.0000707 -0.0006414 -0.0005446 
0.0002158 -0.0006914 0.0000542 0.0000440 -0.0000109 0.0000788 0.0007689 0.0003742 
-0.0000229 0.0007333 -0.0000650 -0.0000224 -0.0000097 -0.0000722 -0.0008358 -0.0001562 
-0.0001782 -0.0006741 0.0000713 0.0000098 0.0000306 0.0000696 0.0008528 -0.0000627 
0.0003877 0.0006193 -0.0000654 0.0000071 -0.0000421 -0.0000584 -0.0008078 0.0002803 
-0.0004917 -0.0004835 0.0000633 -0.0000268 0.0000555 0.0000419 0.0007019 -0.0004705 
0.0006217 0.0002997 -0.0000559 0.0000336 -0.0000669 -0.0000328 -0.0005535 0.0006379 
-0.0006788 -0.0001503 0.0000393 -0.0000468 0.0000677 0.0000141 0.0003801 -0.0007597 
0.0006621 -0.0000423 -0.0000282 0.0000579 -0.0000697 0.0000073 -0.0001687 0.0008299 
-0.0006341 0.0002351 0.0000149 -0.0000592 0.0000680 -0.0000208 -0.0000412 -0.0008449 
0.0005548 -0.0003850 0.0000045 0.0000639 -0.0000551 0.0000385 0.0002636 0.0008106 
-0.0004049 0.0005319 -0.0000164 -0.0000616 0.0000457 -0.0000530 -0.0004614 -0.0007184 
0.0002764 -0.0006399 0.0000308 0.0000512 -0.0000299 0.0000584 0.0006316 0.0005758 
-0.0000826 0.0006626 -0.0000450 -0.0000439 0.0000105 -0.0000639 -0.0007549 -0.0003858 
-0.0001172 -0.0006765 0.0000483 0.0000313 -0.0000004 0.0000652 0.0008329 0.0001768 
0.0002696 0.0006250 -0.0000550 -0.0000136 -0.0000168 -0.0000592 -0.0008506 0.0000365 
-0.0004227 -0.0005077 0.0000590 0.0000024 0.0000339 0.0000544 0.0008127 -0.0002553 
0.0005643 0.0003875 -0.0000545 0.0000111 -0.0000428 -0.0000457 -0.0007158 0.0004492 
-0.0006251 -0.0002414 0.0000534 -0.0000268 0.0000543 0.0000291 0.0005846 -0.0006240 
0.0006832 0.0000518 -0.0000451 0.0000362 -0.0000613 -0.0000161 -0.0004073 0.0007474 
-0.0006823 0.0000952 0.0000315 -0.0000468 0.0000593 -0.0000005 0.0002015 -0.0008303 
0.0006200 -0.0002833 -0.0000207 0.0000549 -0.0000580 0.0000187 0.0000209 0.0008558 
-0.0005404 0.0004391 0.0000059 -0.0000544 0.0000515 -0.0000276 -0.0002404 -0.0008259 
0.0004177 -0.0005492 0.0000117 0.0000548 -0.0000392 0.0000401 0.0004380 0.0007383 
-0.0002460 0.0006401 -0.0000220 -0.0000523 0.0000300 -0.0000513 -0.0006125 -0.0006048 
0.0000904 -0.0006990 0.0000332 0.0000428 -0.0000173 0.0000530 0.0007439 0.0004239 
0.0000794 0.0006761 -0.0000446 -0.0000370 -0.0000003 -0.0000580 -0.0008299 -0.0002314 
-0.0002575 -0.0006575 0.0000501 0.0000243 0.0000127 0.0000569 0.0008565 0.0000134 
0.0003829 0.0005705 -0.0000556 -0.0000088 -0.0000271 -0.0000488 -0.0008357 0.0002011 
-0.0005284 -0.0004545 0.0000574 -0.0000035 0.0000414 0.0000412 0.0007601 -0.0004044 
0.0006190 0.0003259 -0.0000518 0.0000190 -0.0000457 -0.0000286 -0.0006399 0.0005868 
-0.0006776 -0.0001680 0.0000466 -0.0000332 0.0000522 0.0000140 0.0004749 -0.0007206 
0.0006992 -0.0000184 -0.0000390 0.0000419 -0.0000566 -0.0000024 -0.0002809 0.0008157 
-0.0006905 0.0001695 0.0000260 -0.0000491 0.0000517 -0.0000105 0.0000663 -0.0008636 
0.0006054 -0.0003274 -0.0000158 0.0000551 -0.0000496 0.0000260 0.0001405 0.0008469 
-0.0005300 0.0004690 0.0000022 -0.0000560 0.0000428 -0.0000356 -0.0003485 -0.0007835 
0.0003927 -0.0005576 0.0000137 0.0000560 -0.0000304 0.0000460 0.0005265 0.0006759 
-0.0002475 0.0006522 -0.0000251 -0.0000520 0.0000195 -0.0000543 -0.0006721 -0.0005290 
0.0000977 -0.0006882 0.0000379 0.0000425 -0.0000053 0.0000537 0.0007823 0.0003517 
0.0000655 0.0006852 -0.0000493 -0.0000334 -0.0000107 -0.0000543 -0.0008399 -0.0001540 
-0.0002326 -0.0006556 0.0000545 0.0000217 0.0000213 0.0000522 0.0008482 -0.0000550 
0.0003645 0.0005895 -0.0000577 -0.0000068 -0.0000329 -0.0000421 -0.0008171 0.0002570 
-0.0004953 -0.0004713 0.0000575 -0.0000055 0.0000439 0.0000354 0.0007192 -0.0004390 
0.0005903 0.0003610 -0.0000544 0.0000191 -0.0000496 -0.0000249 -0.0005933 0.0006040 
-0.0006427 -0.0001991 0.0000491 -0.0000328 0.0000549 0.0000107 0.0004309 -0.0007215 
0.0006799 0.0000456 -0.0000406 0.0000428 -0.0000583 0.0000015 -0.0002488 0.0007995 
-0.0006686 0.0001057 0.0000282 -0.0000517 0.0000533 -0.0000160 0.0000547 -0.0008323 
0.0006195 -0.0002535 -0.0000161 0.0000591 -0.0000490 0.0000305 0.0001432 0.0008165 
-0.0005483 0.0003992 0.0000022 -0.0000594 0.0000420 -0.0000389 -0.0003321 -0.0007566 
0.0004474 -0.0004947 0.0000133 0.0000581 -0.0000288 0.0000478 0.0004970 0.0006638 
-0.0003043 0.0005938 -0.0000256 -0.0000528 0.0000191 -0.0000545 -0.0006344 -0.0005163 
0.0001756 -0.0006471 0.0000370 0.0000455 -0.0000070 0.0000563 0.0007436 0.0003560 
-0.0000062 0.0006603 -0.0000475 -0.0000360 -0.0000079 -0.0000573 -0.0007992 -0.0001711 
-0.0001418 -0.0006491 0.0000542 0.0000246 0.0000195 0.0000561 0.0008136 -0.0000203 
0.0002872 0.0005987 -0.0000584 -0.0000100 -0.0000327 -0.0000474 -0.0007817 0.0002053 
-0.0004107 -0.0005061 0.0000612 -0.0000028 0.0000454 0.0000401 0.0007098 -0.0003815 
0.0005280 0.0004011 -0.0000570 0.0000170 -0.0000507 -0.0000292 -0.0005980 0.0005367 
-0.0005862 -0.0002712 0.0000513 -0.0000312 0.0000574 0.0000139 0.0004645 -0.0006555 
0.0006470 0.0001122 -0.0000414 0.0000414 -0.0000596 -0.0000030 -0.0002894 0.0007437 
-0.0006515 0.0000250 0.0000308 -0.0000498 0.0000575 -0.0000105 0.0001144 -0.0007977 
0.0006242 -0.0001903 -0.0000185 0.0000564 -0.0000542 0.0000250 0.0000756 0.0007988 
-0.0005622 0.0003230 0.0000056 -0.0000589 0.0000490 -0.0000355 -0.0002610 -0.0007603 
0.0004721 -0.0004571 0.0000092 0.0000584 -0.0000372 0.0000473 0.0004264 0.0006735 
-0.0003440 0.0005431 -0.0000224 -0.0000562 0.0000266 -0.0000569 -0.0005747 -0.0005563 
0.0002128 -0.0006180 0.0000346 0.0000476 -0.0000133 0.0000586 0.0006899 0.0004067 
-0.0000625 0.0006325 -0.0000467 -0.0000378 -0.0000037 -0.0000617 -0.0007612 -0.0002397 
-0.0001035 -0.0006438 0.0000535 0.0000254 0.0000155 0.0000598 0.0008010 0.0000501 
0.0002388 0.0005988 -0.0000575 -0.0000114 -0.0000290 -0.0000527 -0.0007975 0.0001321 
-0.0003858 -0.0005267 0.0000594 -0.0000023 0.0000419 0.0000454 0.0007458 -0.0003178 
0.0004908 0.0004219 -0.0000570 0.0000156 -0.0000500 -0.0000354 -0.0006547 0.0004885 
-0.0005826 -0.0002949 0.0000513 -0.0000299 0.0000583 0.0000201 0.0005214 -0.0006284 
0.0006364 0.0001400 -0.0000441 0.0000408 -0.0000636 -0.0000074 -0.0003581 0.0007372 
-0.0006608 0.0000101 0.0000317 -0.0000499 0.0000609 -0.0000080 0.0001761 -0.0008064 
0.0006295 -0.0001706 -0.0000186 0.0000580 -0.0000592 0.0000250 0.0000170 0.0008216 
-0.0005830 0.0003252 0.0000043 -0.0000606 0.0000516 -0.0000361 -0.0002149 -0.0008046 
0.0004885 -0.0004509 0.0000113 0.0000591 -0.0000389 0.0000478 0.0003946 0.0007379 
-0.0003727 0.0005611 -0.0000249 -0.0000560 0.0000274 -0.0000575 -0.0005622 -0.0006289 
0.0002272 -0.0006362 0.0000367 0.0000482 -0.0000136 0.0000603 0.0007019 0.0004820 
-0.0000720 0.0006763 -0.0000491 -0.0000378 -0.0000041 -0.0000634 -0.0008014 -0.0003036 
-0.0001027 -0.0006833 0.0000558 0.0000266 0.0000173 0.0000623 0.0008573 0.0001037 
0.0002539 0.0006469 -0.0000613 -0.0000110 -0.0000330 -0.0000535 -0.0008661 0.0001042 
-0.0004147 -0.0005612 0.0000642 -0.0000038 0.0000475 0.0000461 0.0008159 -0.0003087 
0.0005438 0.0004604 -0.0000616 0.0000189 -0.0000552 -0.0000327 -0.0007297 0.0004984 
-0.0006379 -0.0003159 0.0000545 -0.0000345 0.0000621 0.0000153 0.0005952 -0.0006565 
0.0007032 0.0001597 -0.0000460 0.0000466 -0.0000656 -0.0000007 -0.0004252 0.0007851 
-0.0007269 0.0000177 0.0000329 -0.0000555 0.0000616 -0.0000151 0.0002313 -0.0008718 
0.0007036 -0.0001885 -0.0000190 0.0000646 -0.0000580 0.0000328 -0.0000176 0.0009090 
-0.0006536 0.0003632 0.0000043 -0.0000659 0.0000494 -0.0000432 -0.0002047 -0.0008954 
0.0005533 -0.0005022 0.0000131 0.0000661 -0.0000344 0.0000559 0.0004146 0.0008302 
-0.0004133 0.0006348 -0.0000282 -0.0000634 0.0000222 -0.0000647 -0.0006055 -0.0007067 
0.0002628 -0.0007214 0.0000429 0.0000549 -0.0000042 0.0000663 0.0007629 0.0005499 
-0.0000797 0.0007643 -0.0000563 -0.0000426 -0.0000149 -0.0000663 -0.0008727 -0.0003546 
-0.0001041 -0.0007677 0.0000646 0.0000291 0.0000296 0.0000621 0.0009359 0.0001380 
0.0002909 0.0007308 -0.0000691 -0.0000120 -0.0000438 -0.0000505 -0.0009479 0.0000865 
-0.0004526 -0.0006378 0.0000730 -0.0000047 0.0000577 0.0000400 0.0009076 -0.0003111 
0.0006069 0.0005257 -0.0000681 0.0000202 -0.0000629 -0.0000257 -0.0008152 0.0005252 
-0.0007108 -0.0003671 0.0000623 -0.0000380 0.0000694 0.0000063 0.0006752 -0.0007074 
0.0007935 0.0001824 -0.0000538 0.0000505 -0.0000706 0.0000076 -0.0004871 0.0008542 
-0.0008166 0.0000002 0.0000395 -0.0000624 0.0000643 -0.0000264 0.0002725 -0.0009506 
0.0007921 -0.0002019 -0.0000236 0.0000720 -0.0000574 0.0000440 -0.0000368 0.0009885 
-0.0007242 0.0003855 0.0000067 -0.0000749 0.0000456 -0.0000552 -0.0002020 -0.0009716 
0.0006173 -0.0005578 0.0000124 0.0000737 -0.0000288 0.0000650 0.0004238 0.0008983 
-0.0004629 0.0006894 -0.0000289 -0.0000713 0.0000145 -0.0000723 -0.0006283 -0.0007755 
0.0002933 -0.0007858 0.0000437 0.0000605 0.0000032 0.0000705 0.0008011 0.0006126 
-0.0000951 0.0008293 -0.0000588 -0.0000492 -0.0000228 -0.0000698 -0.0009261 -0.0004097 
-0.0001106 -0.0008340 0.0000670 0.0000359 0.0000358 0.0000633 0.0010040 0.0001773 
0.0003007 0.0007841 -0.0000738 -0.0000175 -0.0000520 -0.0000505 -0.0010204 0.0000652 
-0.0004845 -0.0006839 0.0000780 -0.0000001 0.0000650 0.0000385 0.0009747 -0.0003102 
0.0006391 0.0005438 -0.0000743 0.0000177 -0.0000700 -0.0000223 -0.0008734 0.0005364 
-0.0007514 -0.0003781 0.0000671 -0.0000365 0.0000739 0.0000022 0.0007225 -0.0007272 
0.0008215 0.0001783 -0.0000589 0.0000499 -0.0000740 0.0000129 -0.0005298 0.0008801 
-0.0008386 0.0000155 0.0000426 -0.0000616 0.0000655 -0.0000307 0.0003123 -0.0009847 
0.0008025 -0.0002238 -0.0000279 0.0000714 -0.0000587 0.0000474 -0.0000753 0.0010282 
-0.0007275 0.0004091 0.0000113 -0.0000735 0.0000456 -0.0000566 -0.0001733 -0.0010247 
0.0005996 -0.0005705 0.0000079 0.0000741 -0.0000290 0.0000679 0.0004104 0.0009557 
-0.0004391 0.0007018 -0.0000245 -0.0000722 0.0000143 -0.0000747 -0.0006328 -0.0008315 
0.0002487 -0.0007885 0.0000401 0.0000625 0.0000041 0.0000735 0.0008155 0.0006586 
-0.0000563 0.0008221 -0.0000559 -0.0000503 -0.0000238 -0.0000710 -0.0009494 -0.0004458 
-0.0001539 -0.0008095 0.0000636 0.0000374 0.0000367 0.0000644 0.0010290 0.0002068 
0.0003387 0.0007420 -0.0000707 -0.0000181 -0.0000524 -0.0000503 -0.0010500 0.0000355 
-0.0005120 -0.0006281 0.0000741 0.0000020 0.0000641 0.0000391 0.0010090 -0.0002816 
0.0006481 0.0004836 -0.0000694 0.0000148 -0.0000681 -0.0000217 -0.0009215 0.0005132 
-0.0007427 -0.0003029 0.0000640 -0.0000322 0.0000737 0.0000036 0.0007748 -0.0007153 
0.0007978 0.0001085 -0.0000564 0.0000455 -0.0000737 0.0000116 -0.0005842 0.0008870 
-0.0008011 0.0000937 0.0000418 -0.0000574 0.0000658 -0.0000295 0.0003601 -0.0010070 
0.0007450 -0.0002798 -0.0000266 0.0000678 -0.0000580 0.0000466 -0.0001118 0.0010650 
-0.0006514 0.0004637 0.0000111 -0.0000689 0.0000456 -0.0000555 -0.0001453 -0.0010638 
0.0005107 -0.0006006 0.0000093 0.0000704 -0.0000275 0.0000671 0.0003868 0.0009981 
-0.0003435 0.0007053 -0.0000240 -0.0000673 0.0000137 -0.0000725 -0.0006133 -0.0008744 
0.0001585 -0.0007647 0.0000397 0.0000563 0.0000062 0.0000700 0.0008037 0.0007110 
0.0000414 0.0007769 -0.0000534 -0.0000461 -0.0000242 -0.0000692 -0.0009483 -0.0005059 
-0.0002329 -0.0007480 0.0000611 0.0000337 0.0000372 0.0000623 0.0010486 0.0002698 
0.0004095 0.0006717 -0.0000677 -0.0000157 -0.0000525 -0.0000486 -0.0010903 -0.0000185 
-0.0005490 -0.0005396 0.0000722 -0.0000006 0.0000646 0.0000355 0.0010686 -0.0002393 
0.0006682 0.0003873 -0.0000667 0.0000169 -0.0000673 -0.0000183 -0.0009854 0.0004853 
-0.0007372 -0.0002078 0.0000618 -0.0000363 0.0000726 -0.0000019 0.0008381 -0.0007038 
0.0007626 0.0000126 -0.0000528 0.0000479 -0.0000708 0.0000167 -0.0006467 0.0008827 
-0.0007454 0.0001718 0.0000364 -0.0000601 0.0000612 -0.0000360 0.0004263 -0.0010105 
0.0006743 -0.0003490 -0.0000224 0.0000689 -0.0000535 0.0000509 -0.0001787 0.0010833 
-0.0005755 0.0005038 0.0000064 -0.0000702 0.0000395 -0.0000593 -0.0000783 -0.0011044 
0.0004399 -0.0006213 0.0000130 0.0000711 -0.0000207 0.0000696 0.0003299 0.0010632 
-0.0002648 0.0007054 -0.0000289 -0.0000685 0.0000049 -0.0000742 -0.0005733 -0.0009584 
0.0000876 -0.0007516 0.0000441 0.0000564 0.0000146 0.0000698 0.0007829 0.0008009 
0.0000991 0.0007470 -0.0000599 -0.0000464 -0.0000340 -0.0000672 -0.0009520 -0.0005921 
-0.0002800 -0.0006928 0.0000675 0.0000317 0.0000468 0.0000565 0.0010728 0.0003508 
0.0004379 0.0006094 -0.0000748 -0.0000117 -0.0000627 -0.0000405 -0.0011237 -0.0000943 
-0.0005655 -0.0004793 0.0000771 -0.0000049 0.0000715 0.0000265 0.0011142 -0.0001721 
0.0006638 0.0003333 -0.0000713 0.0000224 -0.0000728 -0.0000075 -0.0010502 0.0004252 
-0.0007128 -0.0001695 0.0000654 -0.0000411 0.0000751 -0.0000132 0.0009272 -0.0006549 
0.0007293 -0.0000200 -0.0000561 0.0000541 -0.0000710 0.0000297 -0.0007493 0.0008567 
-0.0007049 0.0001888 0.0000384 -0.0000664 0.0000582 -0.0000482 0.0005311 -0.0010097 
0.0006325 -0.0003504 -0.0000241 0.0000764 -0.0000482 0.0000630 -0.0002770 0.0011109 
-0.0005226 0.0004968 0.0000056 -0.0000778 0.0000301 -0.0000704 0.0000074 -0.0011539 
0.0003929 -0.0005959 0.0000157 0.0000790 -0.0000101 0.0000794 0.0002605 0.0011199 
-0.0002282 0.0006663 -0.0000323 -0.0000739 -0.0000077 -0.0000792 -0.0005194 -0.0010295 
0.0000680 -0.0006961 0.0000487 0.0000611 0.0000280 0.0000720 0.0007415 0.0008828 
0.0000957 0.0006747 -0.0000633 -0.0000496 -0.0000469 -0.0000660 -0.0009235 -0.0006854 
-0.0002651 -0.0006310 0.0000708 0.0000349 0.0000594 0.0000533 0.0010614 0.0004494 
0.0003971 0.0005492 -0.0000779 -0.0000135 -0.0000729 -0.0000340 -0.0011380 -0.0001892 
-0.0005124 -0.0004311 0.0000806 -0.0000017 0.0000799 0.0000190 0.0011567 -0.0000851 
0.0006062 0.0002881 -0.0000746 0.0000207 -0.0000791 0.0000027 -0.0011108 0.0003536 
-0.0006385 -0.0001402 0.0000700 -0.0000392 0.0000802 -0.0000230 0.0009936 -0.0006044 
0.0006460 -0.0000294 -0.0000584 0.0000524 -0.0000710 0.0000393 -0.0008213 0.0008258 
-0.0006131 0.0001724 0.0000410 -0.0000645 0.0000564 -0.0000570 0.0006053 -0.0009925 
0.0005327 -0.0003121 -0.0000264 0.0000727 -0.0000441 0.0000696 -0.0003495 0.0011024 
-0.0004460 0.0004385 0.0000100 -0.0000732 0.0000261 -0.0000756 0.0000807 -0.0011570 
0.0003264 -0.0005189 0.0000106 0.0000738 -0.0000045 0.0000819 0.0001960 0.0011412 
-0.0001835 0.0005751 -0.0000231 -0.0000699 -0.0000111 -0.0000803 -0.0004594 -0.0010693 
0.0000393 -0.0006073 0.0000386 0.0000587 0.0000317 0.0000717 0.0006979 0.0009321 
0.0001047 0.0005735 -0.0000517 -0.0000504 -0.0000481 -0.0000658 -0.0009011 -0.0007366 
-0.0002522 -0.0005313 0.0000585 0.0000363 0.0000594 0.0000506 0.0010525 0.0005009 
0.0003594 0.0004470 -0.0000651 -0.0000185 -0.0000714 -0.0000323 -0.0011361 -0.0002354 
-0.0004582 -0.0003272 0.0000667 0.0000053 0.0000763 0.0000179 0.0011550 -0.0000494 
0.0005237 0.0002140 -0.0000616 0.0000087 -0.0000747 0.0000011 -0.0011119 0.0003195 
-0.0005445 -0.0000809 0.0000584 -0.0000247 0.0000742 -0.0000204 0.0010008 -0.0005773 
0.0005419 -0.0000620 -0.0000508 0.0000320 -0.0000657 0.0000330 -0.0008364 0.0007961 
-0.0005203 0.0001850 0.0000387 -0.0000423 0.0000530 -0.0000491 0.0006207 -0.0009678 
0.0004348 -0.0003038 -0.0000308 0.0000490 -0.0000436 0.0000583 -0.0003681 0.0010910 
-0.0003533 0.0004134 0.0000186 -0.0000507 0.0000267 -0.0000637 0.0000972 -0.0011483 
0.0002396 -0.0004716 -0.0000043 0.0000538 -0.0000091 0.0000697 0.0001829 0.0011311 
-0.0001037 0.0005216 -0.0000047 -0.0000524 -0.0000036 -0.0000680 -0.0004567 -0.0010515 
-0.0000127 -0.0005308 0.0000148 0.0000458 0.0000192 0.0000613 0.0006895 0.0009118 
0.0001416 0.0004978 -0.0000253 -0.0000427 -0.0000335 -0.0000573 -0.0008888 -0.0007160 
-0.0002661 -0.0004511 0.0000286 0.0000358 0.0000408 0.0000457 0.0010284 0.0004817 
0.0003556 0.0003845 -0.0000357 -0.0000265 -0.0000516 -0.0000327 -0.0011082 -0.0002180 
-0.0004435 -0.0002691 0.0000396 0.0000218 0.0000547 0.0000236 0.0011293 -0.0000557 
0.0005051 0.0001666 -0.0000400 -0.0000131 -0.0000555 -0.0000090 -0.0010797 0.0003224 
-0.0005189 -0.0000374 0.0000438 0.0000029 0.0000579 -0.0000049 0.0009639 -0.0005742 
0.0005263 -0.0000959 -0.0000432 0.0000032 -0.0000528 0.0000138 -0.0007978 0.0007932 
-0.0004874 0.0002048 0.0000386 -0.0000116 0.0000445 -0.0000253 0.0005820 -0.0009540 
0.0004137 -0.0003194 -0.0000389 0.0000201 -0.0000403 0.0000344 -0.0003345 0.0010629 
-0.0003334 0.0004188 0.0000334 -0.0000235 0.0000292 -0.0000378 0.0000671 -0.0011041 
0.0002384 -0.0004709 -0.0000269 0.0000319 -0.0000186 0.0000448 0.0002016 0.0010818 
-0.0001040 0.0005270 0.0000236 -0.0000367 0.0000121 -0.0000445 -0.0004525 -0.0009999 
-0.0000070 -0.0005474 -0.0000159 0.0000397 -0.0000010 0.0000435 0.0006729 0.0008585 
0.0001428 0.0005216 0.0000059 -0.0000464 -0.0000091 -0.0000454 -0.0008578 -0.0006663 
-0.0002650 -0.0004918 0.0000014 0.0000477 0.0000150 0.0000399 0.0009907 0.0004454 
0.0003604 0.0004116 -0.0000127 -0.0000449 -0.0000234 -0.0000330 -0.0010583 -0.0001928 
-0.0004529 -0.0003097 0.0000241 0.0000461 0.0000295 0.0000305 0.0010690 -0.0000643 
0.0005248 0.0002075 -0.0000302 -0.0000393 -0.0000314 -0.0000212 -0.0010124 0.0003195 
-0.0005420 -0.0000857 0.0000420 0.0000318 0.0000376 0.0000132 0.0009034 -0.0005485 
0.0005680 -0.0000571 -0.0000491 -0.0000255 -0.0000371 -0.0000087 -0.0007420 0.0007386 
-0.0005443 0.0001674 0.0000537 0.0000131 0.0000366 -0.0000008 0.0005395 -0.0008885 
0.0004859 -0.0003030 -0.0000608 0.0000001 -0.0000395 0.0000082 -0.0003134 0.0009862 
-0.0004199 0.0004062 0.0000604 -0.0000125 0.0000347 -0.0000138 0.0000769 -0.0010251 
0.0003060 -0.0004865 -0.0000552 0.0000284 -0.0000295 0.0000224 0.0001679 0.0010056 
-0.0001787 0.0005551 0.0000523 -0.0000430 0.0000278 -0.0000282 -0.0003964 -0.0009293 
0.0000592 -0.0005913 -0.0000395 0.0000522 -0.0000190 0.0000314 0.0006025 0.0008029 
0.0000799 0.0005665 0.0000264 -0.0000645 0.0000123 -0.0000382 -0.0007687 -0.0006387 
-0.0002252 -0.0005573 -0.0000133 0.0000701 -0.0000066 0.0000381 0.0008839 0.0004347 
0.0003270 0.0004913 -0.0000053 -0.0000715 -0.0000035 -0.0000384 -0.0009546 -0.0002121 
-0.0004476 -0.0003926 0.0000231 0.0000740 0.0000115 0.0000416 0.0009723 -0.0000124 
0.0005250 0.0002905 -0.0000389 -0.0000671 -0.0000189 -0.0000365 -0.0009317 0.0002295 
-0.0005712 -0.0001464 0.0000570 0.0000554 0.0000293 0.0000307 0.0008469 -0.0004393 
0.0006037 0.0000010 -0.0000708 -0.0000441 -0.0000360 -0.0000271 -0.0007147 0.0006156 
-0.0005887 0.0001220 0.0000779 0.0000236 0.0000404 0.0000158 0.0005490 -0.0007632 
0.0005161 -0.0002665 -0.0000856 -0.0000041 -0.0000475 -0.0000069 -0.0003628 0.0008590 
-0.0004630 0.0003915 0.0000848 -0.0000142 0.0000466 -0.0000018 0.0001484 -0.0009083 
0.0003507 -0.0004690 -0.0000780 0.0000368 -0.0000452 0.0000151 0.0000632 0.0009137 
-0.0002213 0.0005512 0.0000720 -0.0000543 0.0000461 -0.0000247 -0.0002657 -0.0008689 
0.0000929 -0.0005808 -0.0000566 0.0000695 -0.0000377 0.0000347 0.0004500 0.0007761 
0.0000629 0.0005769 0.0000370 -0.0000843 0.0000279 -0.0000466 -0.0006123 -0.0006494 
-0.0002066 -0.0005589 -0.0000192 0.0000913 -0.0000197 0.0000527 0.0007364 0.0004871 
0.0003127 0.0004881 -0.0000063 -0.0000921 0.0000038 -0.0000563 -0.0008278 -0.0003084 
-0.0004372 -0.0003704 0.0000283 0.0000914 0.0000095 0.0000606 0.0008661 0.0001184 
0.0005135 0.0002807 -0.0000474 -0.0000816 -0.0000222 -0.0000554 -0.0008653 0.0000877 
-0.0005423 -0.0001319 0.0000677 0.0000660 0.0000382 0.0000487 0.0008203 -0.0002782 
0.0005737 -0.0000077 -0.0000805 -0.0000523 -0.0000484 -0.0000440 -0.0007334 0.0004524 
-0.0005404 0.0001355 0.0000894 0.0000305 0.0000587 0.0000291 0.0006047 -0.0006051 
0.0004835 -0.0002794 -0.0000969 -0.0000069 -0.0000686 -0.0000131 -0.0004531 0.0007210 
-0.0004140 0.0003916 0.0000950 -0.0000124 0.0000705 -0.0000006 0.0002747 -0.0008002 
0.0002930 -0.0004567 -0.0000881 0.0000384 -0.0000693 0.0000218 -0.0000928 0.0008454 
-0.0001513 0.0005359 0.0000786 -0.0000576 0.0000669 -0.0000380 -0.0000986 -0.0008334 
0.0000418 -0.0005413 -0.0000615 0.0000726 -0.0000543 0.0000524 0.0002899 0.0007938 
0.0001143 0.0005218 0.0000412 -0.0000866 0.0000400 -0.0000677 -0.0004562 -0.0007093 
-0.0002342 -0.0004885 -0.0000227 0.0000917 -0.0000269 0.0000750 0.0006053 0.0005848 
0.0003404 0.0003991 -0.0000007 -0.0000933 0.0000054 -0.0000811 -0.0007238 -0.0004303 
-0.0004395 -0.0003001 0.0000239 0.0000925 0.0000155 0.0000850 0.0007998 0.0002542 
0.0004947 0.0001987 -0.0000409 -0.0000829 -0.0000328 -0.0000788 -0.0008389 -0.0000652 
-0.0005033 -0.0000538 0.0000628 0.0000704 0.0000558 0.0000695 0.0008335 -0.0001202 
0.0005292 -0.0000795 -0.0000764 -0.0000548 -0.0000709 -0.0000570 -0.0007752 0.0003073 
-0.0004658 0.0001782 0.0000851 0.0000342 0.0000829 0.0000363 0.0006950 -0.0004819 
0.0004004 -0.0003112 -0.0000927 -0.0000125 -0.0000929 -0.0000146 -0.0005710 0.0006241 
-0.0003287 0.0003873 0.0000901 -0.0000072 0.0000920 -0.0000052 0.0004104 -0.0007397 
0.0002072 -0.0004517 -0.0000851 0.0000295 -0.0000897 0.0000306 -0.0002307 0.0008216 
-0.0000973 0.0004965 0.0000776 -0.0000492 0.0000842 -0.0000525 0.0000356 -0.0008512 
-0.0000118 -0.0004893 -0.0000630 0.0000628 -0.0000677 0.0000689 0.0001633 0.0008430 
0.0001487 0.0004576 0.0000462 -0.0000792 0.0000495 -0.0000882 -0.0003453 -0.0007828 
-0.0002518 -0.0004387 -0.0000274 0.0000872 -0.0000290 0.0000970 0.0005248 0.0006757 
0.0003265 0.0003335 0.0000046 -0.0000889 0.0000017 -0.0001007 -0.0006683 -0.0005471 
-0.0004147 -0.0002457 0.0000166 0.0000912 0.0000236 0.0001023 0.0007762 0.0003808 
0.0004476 0.0001577 -0.0000367 -0.0000815 -0.0000456 -0.0000897 -0.0008441 -0.0001909 
-0.0004746 -0.0000341 0.0000563 0.0000704 0.0000687 0.0000772 0.0008727 -0.0000094 
0.0004751 -0.0000705 -0.0000720 -0.0000576 -0.0000860 -0.0000626 -0.0008502 0.0002123 
-0.0004255 0.0001686 0.0000821 0.0000373 0.0000963 0.0000370 0.0007862 -0.0004061 
0.0003684 -0.0002848 -0.0000916 -0.0000174 -0.0001061 -0.0000130 -0.0006654 0.0005728 
-0.0003122 0.0003505 0.0000933 -0.0000043 0.0001051 -0.0000114 0.0005102 -0.0007231 
0.0001877 -0.0004025 -0.0000878 0.0000280 -0.0000981 0.0000401 -0.0003355 0.0008197 
-0.0000974 0.0004488 0.0000834 -0.0000488 0.0000897 -0.0000636 0.0001385 -0.0008764 
0.0000034 -0.0004405 -0.0000657 0.0000669 -0.0000656 0.0000810 0.0000713 0.0008815 
0.0001104 0.0004390 0.0000481 -0.0000832 0.0000450 -0.0000974 -0.0002707 -0.0008489 
-0.0001976 -0.0004000 -0.0000296 0.0000932 -0.0000244 0.0001050 0.0004620 0.0007663 
0.0002809 0.0003288 0.0000029 -0.0000967 -0.0000066 -0.0001052 -0.0006302 -0.0006419 
-0.0003682 -0.0002603 0.0000182 0.0000980 0.0000303 0.0001039 0.0007595 0.0004709 
0.0004024 0.0001750 -0.0000413 -0.0000916 -0.0000527 -0.0000909 -0.0008604 -0.0002847 
-0.0004387 -0.0000513 0.0000651 0.0000775 0.0000773 0.0000741 0.0008966 0.0000758 
0.0004338 -0.0000416 -0.0000819 -0.0000638 -0.0000923 -0.0000570 -0.0008894 0.0001339 
-0.0004044 0.0001334 0.0000958 0.0000391 0.0001017 0.0000265 0.0008265 -0.0003409 
0.0003700 -0.0002204 -0.0001050 -0.0000146 -0.0001074 -0.0000015 -0.0007350 0.0005201 
-0.0003045 0.0003037 0.0001068 -0.0000076 0.0001030 -0.0000193 0.0005944 -0.0006698 
0.0002206 -0.0003615 -0.0001004 0.0000385 -0.0000913 0.0000502 -0.0004194 0.0007933 
-0.0001386 0.0004285 0.0000909 -0.0000587 0.0000800 -0.0000679 0.0002213 -0.0008674 
0.0000356 -0.0004318 -0.0000749 0.0000798 -0.0000587 0.0000845 -0.0000149 0.0009090 
0.0000917 0.0004457 0.0000516 -0.0000991 0.0000353 -0.0000996 -0.0001969 -0.0008765 
-0.0001826 -0.0004074 -0.0000300 0.0001070 -0.0000143 0.0001033 0.0003958 0.0008007 
0.0002761 0.0003406 -0.0000006 -0.0001124 -0.0000185 -0.0001031 -0.0005764 -0.0006790 
-0.0003410 -0.0002730 0.0000273 0.0001115 0.0000417 0.0000985 0.0007104 0.0005353 
0.0004033 0.0001724 -0.0000506 -0.0001022 -0.0000587 -0.0000819 -0.0008032 -0.0003493 
-0.0004356 -0.0000814 0.0000780 0.0000843 0.0000835 0.0000610 0.0008656 0.0001471 
0.0004602 -0.0000218 -0.0000936 -0.0000652 -0.0000931 -0.0000435 -0.0008763 0.0000555 
-0.0004386 0.0001333 0.0001055 0.0000412 0.0000985 0.0000163 0.0008410 -0.0002517 
0.0004007 -0.0002504 -0.0001178 -0.0000127 -0.0001051 0.0000087 -0.0007554 0.0004467 
-0.0003379 0.0003507 0.0001116 -0.0000122 0.0000946 -0.0000280 0.0006166 -0.0006026 
0.0002221 -0.0004142 -0.0001077 0.0000412 -0.0000867 0.0000579 -0.0004525 0.0007440 
-0.0001099 0.0004497 0.0000953 -0.0000660 0.0000723 -0.0000769 0.0002742 -0.0008124 
0.0000019 -0.0004732 -0.0000758 0.0000830 -0.0000468 0.0000854 -0.0000606 0.0008377 
0.0001101 0.0004624 0.0000517 -0.0001021 0.0000212 -0.0001009 -0.0001380 -0.0008298 
-0.0002120 -0.0004344 -0.0000272 0.0001091 -0.0000013 0.0001009 0.0003234 0.0007690 
0.0003167 0.0003734 0.0000004 -0.0001089 -0.0000270 -0.0000940 -0.0004869 -0.0006705 
-0.0004015 -0.0002926 0.0000275 0.0001111 0.0000489 0.0000915 0.0006328 0.0005380 
0.0004801 0.0001946 -0.0000487 -0.0000935 -0.0000620 -0.0000703 -0.0007339 -0.0003531 
-0.0005051 -0.0000532 0.0000722 0.0000819 0.0000859 0.0000566 0.0008141 0.0001717 
0.0004996 -0.0000830 -0.0000887 -0.0000627 -0.0000955 -0.0000360 -0.0008055 0.0000235 
-0.0004765 0.0001822 0.0000953 0.0000372 0.0000936 0.0000060 0.0007630 -0.0002330 
0.0004101 -0.0003034 -0.0001057 -0.0000136 -0.0001013 0.0000179 -0.0006962 0.0003988 
-0.0003351 0.0003744 0.0001014 -0.0000120 0.0000889 -0.0000377 0.0005619 -0.0005473 
0.0002354 -0.0004424 -0.0000905 0.0000365 -0.0000730 0.0000642 -0.0004112 0.0006609 
-0.0001233 0.0004902 0.0000850 -0.0000555 0.0000635 -0.0000771 0.0002509 -0.0007314 
0.0000238 -0.0005238 -0.0000603 0.0000706 -0.0000338 0.0000830 -0.0000426 0.0007662 
0.0001330 0.0005030 0.0000444 -0.0000845 0.0000168 -0.0000967 -0.0001252 -0.0007681 
-0.0002717 -0.0004566 -0.0000242 0.0000920 0.0000046 0.0000962 0.0003163 0.0006837 
0.0003266 0.0003817 -0.0000024 -0.0000867 -0.0000356 -0.0000838 -0.0004944 -0.0005850 
-0.0004355 -0.0002789 0.0000212 0.0000898 0.0000538 0.0000851 0.0005982 0.0004592 
0.0004506 0.0001618 -0.0000437 -0.0000771 -0.0000696 -0.0000616 -0.0006967 -0.0002739 
-0.0004749 -0.0000559 0.0000599 0.0000588 0.0000865 0.0000382 0.0007232 0.0000976 
0.0004716 -0.0000582 -0.0000694 -0.0000503 -0.0000906 -0.0000244 -0.0007184 0.0000765 
-0.0004498 0.0001477 0.0000774 0.0000217 0.0000869 -0.0000097 0.0006850 -0.0002681 
0.0004058 -0.0002720 -0.0000828 -0.0000052 -0.0000894 0.0000241 -0.0006082 0.0004007 
-0.0003296 0.0003693 0.0000802 -0.0000130 0.0000758 -0.0000415 0.0004557 -0.0005599 
0.0002176 -0.0003967 -0.0000668 0.0000360 -0.0000561 0.0000694 -0.0003256 0.0006760 
-0.0001104 0.0004587 0.0000638 -0.0000494 0.0000520 -0.0000779 0.0001554 -0.0007021 
-0.0000080 -0.0004229 -0.0000438 0.0000646 -0.0000213 0.0000836 0.0000554 0.0007331 
0.0001204 0.0003912 0.0000211 -0.0000767 -0.0000038 -0.0000940 -0.0002282 -0.0006812 
-0.0001879 -0.0003691 -0.0000120 0.0000699 0.0000169 0.0000799 0.0003895 0.0005846 
0.0002494 0.0002749 -0.0000199 -0.0000749 -0.0000548 -0.0000721 -0.0005404 -0.0005043 
-0.0003313 -0.0002497 0.0000347 0.0000686 0.0000592 0.0000619 0.0006052 0.0003389 
0.0003778 0.0001628 -0.0000477 -0.0000588 -0.0000671 -0.0000403 -0.0007176 -0.0001602 
-0.0003775 -0.0000196 0.0000669 0.0000358 0.0000899 0.0000146 0.0007509 0.0000148 
0.0003626 -0.0000471 -0.0000729 -0.0000252 -0.0000865 -0.0000077 -0.0006925 0.0001897 
-0.0003040 0.0001764 0.0000764 0.0000018 0.0000791 -0.0000243 0.0006582 -0.0003724 
0.0002317 -0.0002371 -0.0000836 0.0000252 -0.0000835 0.0000489 -0.0005301 0.0005262 
-0.0001779 0.0002654 0.0000595 -0.0000326 0.0000510 -0.0000550 0.0003549 -0.0006604 
0.0000579 -0.0002739 -0.0000581 0.0000663 -0.0000365 0.0000950 -0.0002339 0.0007243 
-0.0000539 0.0002811 0.0000409 -0.0000721 0.0000181 -0.0000791 0.0000060 -0.0007157 
-0.0000316 -0.0002671 -0.0000205 0.0000770 0.0000120 0.0000767 0.0001605 0.0007787 
0.0001955 0.0002447 -0.0000093 -0.0000948 -0.0000399 -0.0000952 -0.0003099 -0.0007198 
-0.0001683 -0.0001414 0.0000238 0.0000800 0.0000420 0.0000649 0.0005329 0.0005496 
0.0003104 0.0000823 -0.0000495 -0.0000757 -0.0000739 -0.0000504 -0.0006599 -0.0004790 
-0.0003097 0.0000298 0.0000764 0.0000821 0.0000854 0.0000546 0.0007563 0.0002909 
0.0002391 -0.0001328 -0.0000860 -0.0000259 -0.0000827 0.0000073 -0.0008767 -0.0000346 
-0.0001965 0.0002229 0.0001157 0.0000220 0.0001195 -0.0000157 0.0008216 -0.0000978 
0.0000880 -0.0002193 -0.0001117 0.0000065 -0.0000830 0.0000388 -0.0007532 0.0003889 
-0.0000324 0.0001997 0.0000986 -0.0000405 0.0000606 -0.0000742 0.0007277 -0.0004933 
-0.0000634 -0.0003896 -0.0001234 0.0000836 -0.0000859 0.0001006 -0.0005913 0.0006390 
0.0002494 0.0002594 0.0000724 -0.0000956 0.0000121 -0.0000811 0.0003395 -0.0008869 
