%19-Mar-2019 16:12:57
%Comment: Enter a comment
%--------------------------------------------- 
%                   Setup 
%--------------------------------------------- 
%Number of measurements stored in this file: 1
%Center Frequency: 1.5GHz
%Center Frequency: 1.5GHz
%Number of Averages: 4 
%Start Pos: 0 degrees
%Stop Pos: 0 degrees
%Polarizations in order: VVVHHVHH 
%Columns of real and imaginary data. Col 1 = real, col 2 = imaginary. If more than 2 columns, odd columns are real and even columns are imaginary. 
%Az: 0 ================== 
0.0003214 0.0000200 -0.0002375 -0.0000911 -0.0001633 -0.0002162 -0.0012331 0.0000134 
-0.0009375 -0.0003538 0.0001004 0.0000117 0.0000654 0.0001140 0.0006781 -0.0004864 
0.0007842 0.0002608 -0.0000980 0.0000310 -0.0000810 -0.0000638 -0.0005941 0.0004950 
-0.0007625 0.0000207 0.0000997 -0.0000167 0.0000981 0.0000699 0.0003810 -0.0005531 
0.0006404 -0.0000093 -0.0000547 0.0000234 -0.0000563 -0.0000412 -0.0003562 0.0005183 
-0.0005031 0.0000808 0.0000757 -0.0000525 0.0000764 0.0000163 0.0002689 -0.0005059 
0.0003464 -0.0001564 -0.0000835 0.0000293 -0.0000754 -0.0000389 -0.0002565 0.0005097 
-0.0004594 0.0001385 0.0000550 -0.0000582 0.0000570 0.0000153 0.0002747 -0.0006251 
0.0001135 -0.0000384 -0.0000819 0.0001041 -0.0001023 0.0000166 -0.0002584 0.0007257 
-0.0002816 0.0002270 0.0000504 -0.0000657 0.0000812 0.0000120 -0.0000014 -0.0007033 
0.0003343 -0.0001218 -0.0000210 0.0000812 -0.0000672 0.0000075 0.0001159 0.0007124 
-0.0002272 0.0002069 0.0000245 -0.0000938 0.0000871 -0.0000293 -0.0002685 -0.0006733 
0.0003431 -0.0002565 0.0000003 0.0000705 -0.0000695 0.0000170 0.0003910 0.0006108 
-0.0003393 0.0002208 -0.0000273 -0.0000983 0.0000620 -0.0000506 -0.0004992 -0.0005629 
0.0002415 -0.0002753 0.0000242 0.0000977 -0.0000754 0.0000630 0.0006180 0.0004675 
-0.0002824 0.0004220 -0.0000608 -0.0000793 0.0000516 -0.0000672 -0.0007586 -0.0004213 
0.0002010 -0.0002981 0.0000954 0.0000925 -0.0000278 0.0001125 0.0008332 0.0003138 
-0.0000631 0.0005174 -0.0000863 -0.0000549 0.0000269 -0.0001049 -0.0009265 -0.0000103 
0.0000386 -0.0005817 0.0001079 0.0000211 0.0000056 0.0001008 0.0009432 -0.0002000 
0.0001426 0.0005481 -0.0001126 -0.0000100 -0.0000324 -0.0001141 -0.0008717 0.0004427 
-0.0002869 -0.0006218 0.0000949 -0.0000269 0.0000451 0.0000945 0.0007579 -0.0006459 
0.0003579 0.0005443 -0.0001086 0.0000536 -0.0000824 -0.0000809 -0.0005996 0.0008142 
-0.0005026 -0.0003954 0.0000931 -0.0000630 0.0000992 0.0000736 0.0004003 -0.0009618 
0.0006667 0.0003550 -0.0000670 0.0000976 -0.0001074 -0.0000399 -0.0002258 0.0010421 
-0.0006340 -0.0001296 0.0000635 -0.0001181 0.0001406 0.0000108 -0.0000123 -0.0010571 
0.0007700 -0.0000526 -0.0000181 0.0001131 -0.0001293 0.0000100 0.0003331 0.0010829 
-0.0007578 0.0001658 -0.0000215 -0.0001253 0.0001164 -0.0000525 -0.0005989 -0.0009985 
0.0006684 -0.0004168 0.0000419 0.0001155 -0.0001128 0.0000826 0.0008600 0.0008285 
-0.0006272 0.0005735 -0.0000813 -0.0000886 0.0000774 -0.0001025 -0.0010593 -0.0006003 
0.0004419 -0.0006602 0.0001019 0.0000824 -0.0000485 0.0001314 0.0011802 0.0003148 
-0.0002084 0.0008084 -0.0001082 -0.0000494 0.0000223 -0.0001374 -0.0012546 -0.0000114 
0.0000817 -0.0008579 0.0001300 0.0000146 0.0000223 0.0001349 0.0012112 -0.0002699 
0.0002632 0.0007709 -0.0001291 -0.0000035 -0.0000543 -0.0001494 -0.0010794 0.0005629 
-0.0004256 -0.0007972 0.0001156 -0.0000516 0.0000847 0.0001128 0.0009770 -0.0008724 
0.0005703 0.0006568 -0.0001072 0.0000873 -0.0001206 -0.0000822 -0.0007397 0.0010973 
-0.0007796 -0.0004679 0.0000771 -0.0001050 0.0001389 0.0000571 0.0004498 -0.0012959 
0.0008619 0.0002858 -0.0000389 0.0001335 -0.0001462 -0.0000064 -0.0001099 0.0013815 
-0.0008773 -0.0000160 0.0000141 -0.0001373 0.0001524 -0.0000334 -0.0002635 -0.0013820 
0.0008997 -0.0002544 0.0000285 0.0001262 -0.0001331 0.0000660 0.0006094 0.0012960 
-0.0008078 0.0004094 -0.0000648 -0.0001260 0.0001082 -0.0001088 -0.0009122 -0.0010832 
0.0006327 -0.0006974 0.0000815 0.0001022 -0.0000891 0.0001314 0.0011833 0.0008142 
-0.0004988 0.0008274 -0.0001217 -0.0000694 0.0000381 -0.0001454 -0.0013708 -0.0005270 
0.0002236 -0.0008951 0.0001405 0.0000421 0.0000063 0.0001589 0.0014768 0.0001576 
0.0000262 0.0009817 -0.0001406 0.0000023 -0.0000413 -0.0001506 -0.0014997 0.0002192 
-0.0002564 -0.0009068 0.0001480 -0.0000446 0.0000933 0.0001325 0.0014133 -0.0006035 
0.0005404 0.0007839 -0.0001251 0.0000734 -0.0001245 -0.0001102 -0.0012249 0.0009655 
-0.0007491 -0.0006741 0.0000938 -0.0001121 0.0001455 0.0000655 0.0009577 -0.0012542 
0.0008554 0.0004256 -0.0000700 0.0001341 -0.0001672 -0.0000218 -0.0005835 0.0014650 
-0.0010145 -0.0001795 0.0000266 -0.0001383 0.0001609 -0.0000145 0.0001855 -0.0016061 
0.0010017 -0.0000607 0.0000152 0.0001540 -0.0001487 0.0000684 0.0002029 0.0015997 
-0.0009319 0.0003564 -0.0000479 -0.0001466 0.0001318 -0.0001087 -0.0006183 -0.0015080 
0.0008394 -0.0005954 0.0000914 0.0001245 -0.0000947 0.0001357 0.0009792 0.0013195 
-0.0006393 0.0007754 -0.0001239 -0.0001065 0.0000538 -0.0001654 -0.0013046 -0.0010376 
0.0003961 -0.0009603 0.0001421 0.0000632 -0.0000125 0.0001717 0.0015389 0.0006818 
-0.0001862 0.0010316 -0.0001617 -0.0000185 -0.0000414 -0.0001659 -0.0016679 -0.0002735 
-0.0001331 -0.0010080 0.0001603 -0.0000181 0.0000866 0.0001557 0.0017008 -0.0001868 
0.0003715 0.0009976 -0.0001429 0.0000658 -0.0001189 -0.0001199 -0.0016266 0.0006149 
-0.0005981 -0.0008433 0.0001308 -0.0001035 0.0001557 0.0000807 0.0014099 -0.0009997 
0.0008291 0.0006472 -0.0000994 0.0001270 -0.0001720 -0.0000422 -0.0011221 0.0013404 
-0.0009624 -0.0004326 0.0000582 -0.0001546 0.0001712 -0.0000099 0.0007460 -0.0015843 
0.0010220 0.0001593 -0.0000248 0.0001646 -0.0001697 0.0000548 -0.0003257 0.0017406 
-0.0010652 0.0001177 -0.0000261 -0.0001613 0.0001454 -0.0000947 -0.0001220 -0.0017743 
0.0009770 -0.0003446 0.0000699 0.0001557 -0.0001129 0.0001354 0.0005698 0.0016880 
-0.0008368 0.0006232 -0.0001028 -0.0001295 0.0000772 -0.0001606 -0.0009983 -0.0015069 
0.0006968 -0.0007684 0.0001418 0.0000930 -0.0000224 0.0001700 0.0013527 0.0012299 
-0.0004429 0.0009151 -0.0001574 -0.0000609 -0.0000225 -0.0001770 -0.0016154 -0.0008297 
0.0001843 -0.0010169 0.0001615 0.0000177 0.0000636 0.0001640 0.0017865 0.0004027 
0.0000578 0.0010185 -0.0001645 0.0000275 -0.0001078 -0.0001354 -0.0018317 0.0000687 
-0.0003176 -0.0009477 0.0001500 -0.0000628 0.0001381 0.0001066 0.0017673 -0.0005224 
0.0005434 0.0008600 -0.0001255 0.0001035 -0.0001573 -0.0000632 -0.0015793 0.0009558 
-0.0007069 -0.0006611 0.0001002 -0.0001332 0.0001726 0.0000186 0.0012903 -0.0013278 
0.0008861 0.0004502 -0.0000589 0.0001499 -0.0001688 0.0000239 -0.0009264 0.0016206 
-0.0009264 -0.0002384 0.0000153 -0.0001649 0.0001526 -0.0000725 0.0004957 -0.0018054 
0.0009382 -0.0000300 0.0000214 0.0001595 -0.0001325 0.0001087 -0.0000172 0.0018754 
-0.0009149 0.0002580 -0.0000624 -0.0001431 0.0000967 -0.0001345 -0.0004510 -0.0018252 
0.0007996 -0.0004571 0.0000973 0.0001252 -0.0000538 0.0001573 0.0009010 0.0016584 
-0.0006426 0.0006486 -0.0001208 -0.0000928 0.0000145 -0.0001619 -0.0012839 -0.0013795 
0.0004786 -0.0007697 0.0001425 0.0000577 0.0000303 0.0001557 0.0015931 0.0010142 
-0.0002359 0.0008406 -0.0001512 -0.0000241 -0.0000692 -0.0001448 -0.0018009 -0.0005842 
0.0000203 -0.0008920 0.0001480 -0.0000179 0.0000996 0.0001186 0.0018941 0.0001243 
0.0001875 0.0008307 -0.0001415 0.0000554 -0.0001299 -0.0000861 -0.0018637 0.0003492 
-0.0004047 -0.0007372 0.0001191 -0.0000841 0.0001444 0.0000528 0.0017205 -0.0008097 
0.0005700 0.0006264 -0.0000889 0.0001124 -0.0001476 -0.0000112 -0.0014650 0.0012114 
-0.0006785 -0.0004506 0.0000599 -0.0001294 0.0001462 -0.0000292 0.0011212 -0.0015413 
0.0007856 0.0002496 -0.0000221 0.0001350 -0.0001293 0.0000615 -0.0006974 0.0017635 
-0.0008009 -0.0000644 -0.0000118 -0.0001362 0.0001047 -0.0000928 0.0002394 -0.0018877 
0.0007808 -0.0001664 0.0000409 0.0001261 -0.0000797 0.0001136 0.0002322 0.0018880 
-0.0007305 0.0003437 -0.0000723 -0.0001080 0.0000452 -0.0001243 -0.0006884 -0.0017684 
0.0005991 -0.0005139 0.0000956 0.0000881 -0.0000110 0.0001322 0.0010977 0.0015397 
-0.0004371 0.0006563 -0.0001089 -0.0000587 -0.0000183 -0.0001263 -0.0014448 -0.0012214 
0.0002759 -0.0007400 0.0001202 0.0000263 0.0000509 0.0001119 0.0016984 0.0008267 
-0.0000709 0.0007664 -0.0001203 0.0000017 -0.0000772 -0.0000968 -0.0018464 -0.0003874 
-0.0001274 -0.0007864 0.0001110 -0.0000334 0.0000934 0.0000696 0.0018777 -0.0000843 
0.0003038 0.0007096 -0.0000987 0.0000570 -0.0001067 -0.0000412 -0.0018001 0.0005355 
-0.0004962 -0.0006216 0.0000785 -0.0000744 0.0001095 0.0000162 0.0016096 -0.0009549 
0.0006219 0.0004933 -0.0000554 0.0000907 -0.0001038 0.0000125 -0.0013230 0.0013142 
-0.0007403 -0.0003127 0.0000337 -0.0000978 0.0000976 -0.0000364 0.0009574 -0.0015846 
0.0008039 0.0001159 -0.0000079 0.0000989 -0.0000812 0.0000543 -0.0005426 0.0017691 
-0.0008148 0.0000680 -0.0000182 -0.0000968 0.0000605 -0.0000719 0.0000995 -0.0018418 
0.0007656 -0.0002824 0.0000376 0.0000870 -0.0000436 0.0000827 0.0003451 0.0018009 
-0.0007090 0.0004645 -0.0000569 -0.0000717 0.0000196 -0.0000849 -0.0007734 -0.0016618 
0.0005645 -0.0006206 0.0000695 0.0000553 0.0000025 0.0000853 0.0011393 0.0014218 
-0.0004172 0.0007676 -0.0000750 -0.0000350 -0.0000188 -0.0000777 -0.0014399 -0.0010999 
0.0002323 -0.0008397 0.0000797 0.0000157 0.0000364 0.0000664 0.0016564 0.0007176 
-0.0000173 0.0008929 -0.0000778 0.0000004 -0.0000489 -0.0000565 -0.0017670 -0.0002974 
-0.0002015 -0.0008952 0.0000716 -0.0000182 0.0000546 0.0000405 0.0017793 -0.0001348 
0.0004055 0.0008324 -0.0000650 0.0000341 -0.0000616 -0.0000243 -0.0016893 0.0005468 
-0.0006157 -0.0007207 0.0000535 -0.0000444 0.0000630 0.0000133 0.0014962 -0.0009286 
0.0007749 0.0005841 -0.0000407 0.0000538 -0.0000600 0.0000025 -0.0012368 0.0012544 
-0.0009063 -0.0003765 0.0000270 -0.0000585 0.0000570 -0.0000154 0.0008969 -0.0014960 
0.0009984 0.0001721 -0.0000128 0.0000587 -0.0000494 0.0000234 -0.0005152 0.0016578 
-0.0010185 0.0000641 0.0000003 -0.0000582 0.0000402 -0.0000327 0.0001079 -0.0017240 
0.0009996 -0.0003082 0.0000091 0.0000550 -0.0000342 0.0000384 0.0003006 0.0016912 
-0.0009280 0.0005460 -0.0000196 -0.0000489 0.0000239 -0.0000401 -0.0006860 -0.0015658 
0.0007877 -0.0007511 0.0000283 0.0000450 -0.0000147 0.0000448 0.0010235 0.0013536 
-0.0005983 0.0009497 -0.0000340 -0.0000375 0.0000093 -0.0000454 -0.0013052 -0.0010647 
0.0003867 -0.0010703 0.0000400 0.0000301 0.0000005 0.0000444 0.0015117 0.0007379 
-0.0001163 0.0011511 -0.0000440 -0.0000214 -0.0000089 -0.0000447 -0.0016260 -0.0003582 
-0.0001416 -0.0011751 0.0000451 0.0000126 0.0000146 0.0000413 0.0016586 -0.0000302 
0.0004190 0.0011209 -0.0000465 -0.0000044 -0.0000229 -0.0000369 -0.0015981 0.0004102 
-0.0006756 -0.0010120 0.0000468 -0.0000016 0.0000297 0.0000353 0.0014547 -0.0007691 
0.0009117 0.0008543 -0.0000446 0.0000104 -0.0000336 -0.0000281 -0.0012310 0.0010799 
-0.0010900 -0.0006275 0.0000449 -0.0000184 0.0000419 0.0000219 0.0009439 -0.0013249 
0.0012429 0.0003620 -0.0000413 0.0000255 -0.0000454 -0.0000173 -0.0006026 0.0015025 
-0.0012966 -0.0000826 0.0000374 -0.0000340 0.0000492 0.0000063 0.0002488 -0.0015942 
0.0013022 -0.0002377 -0.0000309 0.0000414 -0.0000529 0.0000038 0.0001305 0.0015954 
-0.0012311 0.0005261 0.0000229 -0.0000470 0.0000523 -0.0000130 -0.0004921 -0.0015183 
0.0010876 -0.0008139 -0.0000137 0.0000523 -0.0000492 0.0000256 0.0008223 0.0013572 
-0.0008796 0.0010430 0.0000047 -0.0000561 0.0000472 -0.0000365 -0.0011116 -0.0011323 
0.0006304 -0.0012442 0.0000063 0.0000568 -0.0000381 0.0000457 0.0013353 0.0008435 
-0.0003233 0.0013599 -0.0000189 -0.0000589 0.0000284 -0.0000580 -0.0014853 -0.0005111 
0.0000002 -0.0014300 0.0000303 0.0000557 -0.0000189 0.0000640 0.0015613 0.0001519 
0.0003192 0.0013885 -0.0000437 -0.0000497 0.0000022 -0.0000686 -0.0015454 0.0002028 
-0.0006505 -0.0012897 0.0000558 0.0000413 0.0000136 0.0000720 0.0014507 -0.0005566 
0.0009287 0.0011119 -0.0000649 -0.0000291 -0.0000291 -0.0000684 -0.0012807 0.0008708 
-0.0011802 -0.0008693 0.0000724 0.0000144 0.0000466 0.0000618 0.0010416 -0.0011345 
0.0013529 0.0005741 -0.0000768 0.0000001 -0.0000613 -0.0000544 -0.0007539 0.0013406 
-0.0014586 -0.0002538 0.0000764 -0.0000175 0.0000728 0.0000382 0.0004290 -0.0014737 
0.0014764 -0.0000983 -0.0000754 0.0000355 -0.0000850 -0.0000215 -0.0000765 0.0015267 
-0.0014298 0.0004379 0.0000678 -0.0000520 0.0000887 0.0000042 -0.0002767 -0.0015055 
0.0012811 -0.0007538 -0.0000556 0.0000686 -0.0000896 0.0000194 0.0006088 0.0013924 
-0.0010737 0.0010386 0.0000408 -0.0000829 0.0000877 -0.0000404 -0.0009148 -0.0012118 
0.0008010 -0.0012597 -0.0000213 0.0000917 -0.0000767 0.0000597 0.0011653 0.0009658 
-0.0004858 0.0014164 -0.0000010 -0.0000974 0.0000617 -0.0000800 -0.0013494 -0.0006698 
0.0001382 -0.0014917 0.0000219 0.0000977 -0.0000457 0.0000938 0.0014631 0.0003417 
0.0002038 0.0014782 -0.0000457 -0.0000912 0.0000208 -0.0001032 -0.0014980 -0.0000007 
-0.0005549 -0.0013845 0.0000669 0.0000825 0.0000029 0.0001106 0.0014534 -0.0003434 
0.0008518 0.0012242 -0.0000854 -0.0000665 -0.0000271 -0.0001075 -0.0013378 0.0006670 
-0.0011110 -0.0009762 0.0001015 0.0000455 0.0000553 0.0001002 0.0011404 -0.0009519 
0.0013106 0.0006889 -0.0001135 -0.0000224 -0.0000784 -0.0000890 -0.0008904 0.0011894 
-0.0014296 -0.0003593 0.0001175 -0.0000051 0.0000980 0.0000681 0.0005928 -0.0013595 
0.0014725 0.0000176 -0.0001166 0.0000340 -0.0001157 -0.0000437 -0.0002607 0.0014539 
-0.0014344 0.0003315 0.0001077 -0.0000592 0.0001238 0.0000191 -0.0000801 -0.0014697 
0.0013032 -0.0006474 -0.0000916 0.0000861 -0.0001267 0.0000141 0.0004081 0.0014067 
-0.0011091 0.0009438 0.0000725 -0.0001070 0.0001249 -0.0000429 -0.0007193 -0.0012711 
0.0008597 -0.0011643 -0.0000459 0.0001227 -0.0001106 0.0000708 0.0009888 0.0010759 
-0.0005472 0.0013292 0.0000158 -0.0001336 0.0000932 -0.0000994 -0.0012043 -0.0008148 
0.0002198 -0.0014200 0.0000155 0.0001374 -0.0000703 0.0001201 0.0013585 0.0005174 
0.0001205 0.0014253 -0.0000492 -0.0001315 0.0000387 -0.0001345 -0.0014402 -0.0001936 
-0.0004464 -0.0013497 0.0000813 0.0001195 -0.0000053 0.0001445 0.0014431 -0.0001431 
0.0007571 0.0012085 -0.0001068 -0.0000986 -0.0000266 -0.0001424 -0.0013676 0.0004684 
-0.0010051 -0.0009829 0.0001317 0.0000697 0.0000641 0.0001335 0.0012187 -0.0007612 
0.0012141 0.0007156 -0.0001465 -0.0000395 -0.0000940 -0.0001191 -0.0010093 0.0010170 
-0.0013334 -0.0004117 0.0001533 0.0000023 0.0001203 0.0000912 0.0007540 -0.0012169 
0.0013918 0.0000719 -0.0001538 0.0000349 -0.0001442 -0.0000618 -0.0004547 0.0013531 
-0.0013704 0.0002546 0.0001437 -0.0000705 0.0001559 0.0000276 0.0001377 -0.0014207 
0.0012673 -0.0005703 -0.0001240 0.0001057 -0.0001599 0.0000130 0.0001838 0.0014149 
-0.0010926 0.0008417 0.0000978 -0.0001353 0.0001560 -0.0000521 -0.0005035 -0.0013367 
0.0008659 -0.0010767 -0.0000628 0.0001550 -0.0001384 0.0000871 0.0007920 0.0011867 
-0.0005785 0.0012441 0.0000224 -0.0001703 0.0001149 -0.0001233 -0.0010338 -0.0009688 
0.0002687 -0.0013518 0.0000172 0.0001725 -0.0000849 0.0001481 0.0012243 0.0007095 
0.0000565 0.0013703 -0.0000607 -0.0001646 0.0000435 -0.0001658 -0.0013483 -0.0004177 
-0.0003862 -0.0013185 0.0001002 0.0001493 -0.0000034 0.0001770 0.0014071 0.0001022 
0.0006856 0.0011951 -0.0001334 -0.0001223 -0.0000392 -0.0001731 -0.0013955 0.0002118 
-0.0009450 -0.0010001 0.0001629 0.0000865 0.0000841 0.0001599 0.0013151 -0.0005156 
0.0011512 0.0007439 -0.0001821 -0.0000469 -0.0001222 -0.0001387 -0.0011677 0.0007993 
-0.0012927 -0.0004590 0.0001883 -0.0000001 0.0001529 0.0001027 0.0009615 -0.0010412 
0.0013645 0.0001302 -0.0001876 0.0000473 -0.0001791 -0.0000633 -0.0006987 0.0012276 
-0.0013654 0.0001897 0.0001712 -0.0000906 0.0001895 0.0000189 0.0004048 -0.0013560 
0.0012779 -0.0005125 -0.0001451 0.0001331 -0.0001909 0.0000323 -0.0000963 0.0014076 
-0.0011268 0.0008023 0.0001117 -0.0001661 0.0001820 -0.0000776 -0.0002211 -0.0013964 
0.0009091 -0.0010450 -0.0000681 0.0001883 -0.0001570 0.0001207 0.0005203 0.0013148 
-0.0006393 0.0012286 0.0000195 -0.0002032 0.0001237 -0.0001604 -0.0007964 -0.0011694 
0.0003216 -0.0013434 0.0000289 0.0002044 -0.0000834 0.0001879 0.0010380 0.0009685 
-0.0000035 0.0013787 -0.0000812 -0.0001912 0.0000305 -0.0002040 -0.0012308 -0.0007194 
-0.0003301 -0.0013424 0.0001267 0.0001701 0.0000197 0.0002108 0.0013633 0.0004226 
0.0006344 0.0012331 -0.0001641 -0.0001335 -0.0000713 -0.0001992 -0.0014297 -0.0001101 
-0.0009106 -0.0010464 0.0001956 0.0000896 0.0001234 0.0001780 0.0014161 -0.0002085 
0.0011337 0.0008062 -0.0002129 -0.0000414 -0.0001629 -0.0001452 -0.0013410 0.0005193 
-0.0012872 -0.0005174 0.0002164 -0.0000128 0.0001951 0.0000989 0.0011975 -0.0007991 
0.0013689 0.0001971 -0.0002103 0.0000662 -0.0002187 -0.0000482 -0.0009938 0.0010411 
-0.0013775 0.0001420 0.0001890 -0.0001145 0.0002249 -0.0000055 0.0007440 -0.0012398 
0.0012987 -0.0004538 -0.0001547 0.0001614 -0.0002178 0.0000661 -0.0004576 0.0013790 
-0.0011536 0.0007544 0.0001147 -0.0001949 0.0001992 -0.0001169 0.0001358 -0.0014561 
0.0009410 -0.0010023 -0.0000616 0.0002169 -0.0001623 0.0001636 0.0001894 0.0014611 
-0.0006758 0.0011952 0.0000069 -0.0002291 0.0001190 -0.0002039 -0.0005091 -0.0013839 
0.0003774 -0.0013183 0.0000477 0.0002235 -0.0000668 0.0002252 0.0008069 0.0012418 
-0.0000560 0.0013579 -0.0001029 -0.0002043 0.0000062 -0.0002356 -0.0010631 -0.0010372 
-0.0002691 -0.0013211 0.0001505 0.0001762 0.0000517 0.0002338 0.0012665 0.0007765 
0.0005863 0.0012192 -0.0001874 -0.0001339 -0.0001069 -0.0002135 -0.0014118 -0.0004808 
-0.0008510 -0.0010350 0.0002186 0.0000831 0.0001618 0.0001814 0.0014905 0.0001589 
0.0010691 0.0007968 -0.0002323 -0.0000310 -0.0001997 -0.0001388 -0.0015054 0.0001783 
-0.0012182 -0.0005225 0.0002321 -0.0000297 0.0002279 0.0000824 0.0014390 -0.0005124 
0.0012925 0.0002149 -0.0002209 0.0000852 -0.0002452 -0.0000252 -0.0012918 0.0008249 
-0.0013008 0.0000974 0.0001919 -0.0001347 0.0002402 -0.0000352 0.0010819 -0.0010986 
0.0012205 -0.0003983 -0.0001524 0.0001796 -0.0002243 0.0000964 -0.0008121 0.0013139 
-0.0010756 0.0006787 0.0001067 -0.0002107 0.0001962 -0.0001472 0.0004946 -0.0014631 
0.0008821 -0.0009120 -0.0000511 0.0002286 -0.0001513 0.0001894 -0.0001597 0.0015450 
-0.0006264 0.0010817 -0.0000069 -0.0002375 0.0001004 -0.0002246 -0.0001898 -0.0015481 
0.0003433 -0.0011878 0.0000611 0.0002271 -0.0000436 0.0002388 0.0005331 0.0014809 
-0.0000517 0.0012242 -0.0001172 -0.0002045 -0.0000196 -0.0002418 -0.0008521 -0.0013341 
-0.0002378 -0.0011793 0.0001622 0.0001720 0.0000760 0.0002312 0.0011404 0.0011104 
0.0005109 0.0010793 -0.0001971 -0.0001251 -0.0001297 -0.0002004 -0.0013697 -0.0008305 
-0.0007415 -0.0009075 0.0002235 0.0000725 0.0001770 0.0001617 0.0015255 0.0005002 
0.0009338 0.0006896 -0.0002326 -0.0000188 -0.0002083 -0.0001144 -0.0016029 -0.0001379 
-0.0010606 -0.0004523 0.0002277 -0.0000396 0.0002270 0.0000565 0.0015994 -0.0002271 
0.0011196 0.0001757 -0.0002140 0.0000928 -0.0002360 -0.0000004 -0.0015110 0.0005835 
-0.0011179 0.0001000 0.0001823 -0.0001386 0.0002233 -0.0000564 0.0013520 -0.0009108 
0.0010484 -0.0003542 -0.0001425 0.0001806 -0.0002014 0.0001114 -0.0011187 0.0011928 
-0.0009121 0.0005926 0.0000962 -0.0002071 0.0001678 -0.0001532 0.0008203 -0.0014281 
0.0007429 -0.0007840 -0.0000408 0.0002218 -0.0001200 0.0001887 -0.0004789 0.0015833 
-0.0005192 0.0009250 -0.0000141 -0.0002260 0.0000695 -0.0002125 0.0001022 -0.0016557 
0.0002770 -0.0010201 0.0000654 0.0002125 -0.0000164 0.0002179 0.0002849 0.0016417 
-0.0000380 0.0010414 -0.0001157 -0.0001877 -0.0000404 -0.0002117 -0.0006517 -0.0015385 
-0.0002170 -0.0010052 0.0001551 0.0001567 0.0000880 0.0001959 0.0009875 0.0013516 
0.0004483 0.0009192 -0.0001843 -0.0001105 -0.0001315 -0.0001619 -0.0012672 -0.0010978 
-0.0006378 -0.0007795 0.0002066 0.0000628 0.0001677 0.0001238 0.0014833 0.0007828 
0.0008060 0.0005903 -0.0002111 -0.0000128 -0.0001867 -0.0000789 -0.0016322 -0.0004251 
-0.0009134 -0.0003908 0.0002056 -0.0000404 0.0001990 0.0000261 0.0016931 0.0000437 
0.0009686 0.0001522 -0.0001900 0.0000872 -0.0001983 0.0000222 -0.0016615 0.0003483 
-0.0009829 0.0000771 0.0001591 -0.0001267 0.0001808 -0.0000685 0.0015466 -0.0007269 
0.0009221 -0.0002916 -0.0001214 0.0001612 -0.0001553 0.0001119 -0.0013397 0.0010612 
-0.0008200 0.0005035 0.0000816 -0.0001814 0.0001233 -0.0001415 0.0010622 -0.0013438 
0.0006843 -0.0006791 -0.0000314 0.0001906 -0.0000789 0.0001650 -0.0007274 0.0015447 
-0.0005010 0.0008065 -0.0000139 -0.0001926 0.0000366 -0.0001787 0.0003546 -0.0016690 
0.0002936 -0.0009131 0.0000573 0.0001780 0.0000074 0.0001752 0.0000325 0.0017116 
-0.0000879 0.0009454 -0.0000994 -0.0001565 -0.0000530 -0.0001671 -0.0004218 -0.0016612 
-0.0001445 -0.0009385 0.0001306 0.0001279 0.0000890 0.0001478 0.0007954 0.0015237 
0.0003493 0.0008914 -0.0001529 -0.0000882 -0.0001199 -0.0001159 -0.0011286 -0.0013105 
-0.0005383 -0.0007766 0.0001684 0.0000471 0.0001451 0.0000816 0.0013977 0.0010140 
0.0007102 0.0006314 -0.0001690 -0.0000083 -0.0001546 -0.0000444 -0.0015957 -0.0006677 
-0.0008367 -0.0004646 0.0001607 -0.0000357 0.0001583 0.0000012 0.0017004 0.0002811 
0.0009109 0.0002552 -0.0001466 0.0000698 -0.0001526 0.0000348 -0.0017178 0.0001189 
-0.0009659 -0.0000391 0.0001197 -0.0000997 0.0001327 -0.0000697 0.0016462 -0.0005026 
0.0009423 -0.0001660 -0.0000902 0.0001250 -0.0001119 0.0001009 -0.0014862 0.0008625 
-0.0008834 0.0003893 0.0000581 -0.0001376 0.0000835 -0.0001202 0.0012515 -0.0011827 
0.0007877 -0.0005721 -0.0000195 0.0001422 -0.0000475 0.0001339 -0.0009573 0.0014374 
-0.0006278 0.0007355 -0.0000154 -0.0001407 0.0000139 -0.0001415 0.0005989 -0.0016158 
0.0004497 -0.0008733 0.0000452 0.0001260 0.0000191 0.0001339 -0.0002139 0.0017117 
-0.0002547 0.0009519 -0.0000757 -0.0001069 -0.0000535 -0.0001239 -0.0001886 -0.0017095 
0.0000241 -0.0009819 0.0000938 0.0000846 0.0000777 0.0001062 0.0005778 0.0016185 
0.0001944 0.0009851 -0.0001069 -0.0000545 -0.0000991 -0.0000784 -0.0009246 -0.0014403 
-0.0004029 -0.0009094 0.0001154 0.0000265 0.0001143 0.0000538 0.0012263 0.0011872 
0.0006127 0.0008044 -0.0001118 0.0000004 -0.0001181 -0.0000253 -0.0014639 -0.0008776 
-0.0007700 -0.0006586 0.0001035 -0.0000297 0.0001181 -0.0000067 0.0016193 0.0005275 
0.0009058 0.0004589 -0.0000914 0.0000519 -0.0001128 0.0000325 -0.0016940 -0.0001407 
-0.0010043 -0.0002497 0.0000690 -0.0000679 0.0000953 -0.0000559 0.0016797 -0.0002499 
0.0010333 0.0000292 -0.0000484 0.0000827 -0.0000791 0.0000779 -0.0015757 0.0006311 
-0.0010099 0.0002186 0.0000268 -0.0000850 0.0000575 -0.0000892 0.0013874 -0.0009756 
0.0009598 -0.0004335 -0.0000022 0.0000844 -0.0000300 0.0000980 -0.0011216 0.0012597 
-0.0008267 0.0006345 -0.0000169 -0.0000800 0.0000089 -0.0001006 0.0007992 -0.0014769 
0.0006745 -0.0008211 0.0000324 0.0000670 0.0000135 0.0000936 -0.0004424 0.0016166 
-0.0004782 0.0009412 -0.0000486 -0.0000536 -0.0000366 -0.0000855 0.0000662 -0.0016627 
0.0002434 -0.0010370 0.0000562 0.0000394 0.0000518 0.0000742 0.0003165 0.0016301 
-0.0000094 0.0010802 -0.0000587 -0.0000187 -0.0000647 -0.0000542 -0.0006768 -0.0015106 
-0.0002254 -0.0010480 0.0000613 0.0000041 0.0000754 0.0000386 0.0010068 0.0013160 
0.0004745 0.0009702 -0.0000531 0.0000098 -0.0000762 -0.0000204 -0.0012769 -0.0010481 
-0.0006673 -0.0008582 0.0000451 -0.0000237 0.0000761 -0.0000013 0.0014775 0.0007190 
0.0008450 0.0006665 -0.0000363 0.0000299 -0.0000713 0.0000144 -0.0015976 -0.0003610 
-0.0009853 -0.0004737 0.0000225 -0.0000339 0.0000598 -0.0000285 0.0016271 -0.0000122 
0.0010546 0.0002358 -0.0000125 0.0000378 -0.0000503 0.0000413 -0.0015674 0.0003803 
-0.0010927 0.0000153 0.0000038 -0.0000347 0.0000395 -0.0000460 0.0014330 -0.0007254 
0.0010704 -0.0002537 0.0000087 0.0000294 -0.0000235 0.0000502 -0.0012245 0.0010284 
-0.0009711 0.0004816 -0.0000127 -0.0000262 0.0000139 -0.0000527 0.0009580 -0.0012767 
0.0008378 -0.0007116 0.0000165 0.0000157 -0.0000022 0.0000480 -0.0006404 0.0014521 
-0.0006717 0.0008616 -0.0000192 -0.0000086 -0.0000102 -0.0000453 0.0002825 -0.0015565 
0.0004342 -0.0009926 0.0000152 0.0000034 0.0000143 0.0000391 0.0000801 0.0015730 
-0.0002121 0.0010744 -0.0000111 0.0000044 -0.0000199 -0.0000293 -0.0004327 -0.0014998 
-0.0000411 -0.0010810 0.0000087 -0.0000056 0.0000245 0.0000242 0.0007623 0.0013456 
0.0002929 0.0010527 -0.0000020 0.0000050 -0.0000226 -0.0000191 -0.0010413 -0.0011305 
-0.0005090 -0.0009627 -0.0000031 -0.0000068 0.0000229 0.0000111 0.0012631 0.0008567 
0.0007098 0.0007989 0.0000043 0.0000011 -0.0000229 -0.0000102 -0.0014162 -0.0005506 
-0.0008960 -0.0006227 -0.0000097 0.0000031 0.0000187 0.0000069 0.0014883 0.0002117 
0.0009860 0.0004115 0.0000095 -0.0000067 -0.0000193 -0.0000026 -0.0014957 0.0001355 
-0.0010562 -0.0001524 -0.0000059 0.0000154 0.0000177 0.0000053 0.0014161 -0.0004674 
0.0010643 -0.0000793 0.0000043 -0.0000201 -0.0000144 -0.0000044 -0.0012597 0.0007725 
-0.0010030 0.0003254 0.0000043 0.0000220 0.0000175 0.0000033 0.0010383 -0.0010339 
0.0009084 -0.0005501 -0.0000136 -0.0000248 -0.0000204 -0.0000059 -0.0007713 0.0012318 
-0.0007592 0.0007216 0.0000190 0.0000224 0.0000208 0.0000035 0.0004678 -0.0013640 
0.0005465 -0.0008726 -0.0000299 -0.0000164 -0.0000276 -0.0000001 -0.0001538 0.0014199 
-0.0003455 0.0009919 0.0000365 0.0000121 0.0000303 -0.0000020 -0.0001711 -0.0014001 
0.0001090 -0.0010073 -0.0000400 -0.0000020 -0.0000299 0.0000105 0.0004777 0.0013249 
0.0001456 0.0010122 0.0000454 -0.0000109 0.0000341 -0.0000173 -0.0007565 -0.0011733 
-0.0003530 -0.0009463 -0.0000445 0.0000202 -0.0000320 0.0000225 0.0009933 0.0009629 
0.0005679 0.0008207 0.0000391 -0.0000356 0.0000274 -0.0000341 -0.0011790 -0.0007106 
-0.0007390 -0.0006744 -0.0000329 0.0000490 -0.0000245 0.0000435 0.0012957 0.0004225 
0.0008481 0.0004827 0.0000197 -0.0000553 0.0000141 -0.0000489 -0.0013471 -0.0001211 
-0.0009363 -0.0002474 -0.0000043 0.0000655 -0.0000022 0.0000587 0.0013225 -0.0001721 
0.0009754 0.0000468 -0.0000101 -0.0000675 -0.0000093 -0.0000611 -0.0012387 0.0004639 
-0.0009216 0.0001900 0.0000285 0.0000646 0.0000271 0.0000580 0.0011055 -0.0007135 
0.0008653 -0.0004041 -0.0000463 -0.0000612 -0.0000416 -0.0000561 -0.0009102 0.0009311 
-0.0007337 0.0005734 0.0000601 0.0000499 0.0000537 0.0000458 0.0006784 -0.0011051 
0.0005684 -0.0007320 -0.0000761 -0.0000346 -0.0000690 -0.0000322 -0.0004170 0.0012206 
-0.0003899 0.0008343 0.0000874 0.0000175 0.0000787 0.0000192 0.0001365 -0.0012754 
0.0001785 -0.0008717 -0.0000886 0.0000058 -0.0000819 0.0000020 0.0001430 0.0012655 
0.0000523 0.0008945 0.0000914 -0.0000290 0.0000868 -0.0000232 -0.0004110 -0.0011882 
-0.0002256 -0.0008538 -0.0000835 0.0000504 -0.0000810 0.0000436 0.0006638 0.0010630 
0.0004359 0.0007403 0.0000699 -0.0000722 0.0000686 -0.0000670 -0.0008628 -0.0008969 
-0.0005937 -0.0006383 -0.0000550 0.0000899 -0.0000546 0.0000838 0.0010296 0.0006819 
0.0006997 0.0004641 0.0000317 -0.0001014 0.0000316 -0.0000955 -0.0011536 -0.0004416 
-0.0007919 -0.0002818 -0.0000066 0.0001118 -0.0000064 0.0001071 0.0012174 0.0001865 
0.0008180 0.0000989 -0.0000194 -0.0001148 -0.0000170 -0.0001087 -0.0012274 0.0000820 
-0.0007926 0.0001075 0.0000493 0.0001066 0.0000468 0.0001019 0.0011785 -0.0003406 
0.0007570 -0.0002971 -0.0000760 -0.0000970 -0.0000729 -0.0000943 -0.0010653 0.0005869 
-0.0006555 0.0004277 0.0000982 0.0000770 0.0000950 0.0000746 0.0009184 -0.0008074 
0.0005121 -0.0005873 -0.0001178 -0.0000503 -0.0001174 -0.0000477 -0.0007252 0.0009737 
-0.0003817 0.0006813 0.0001289 0.0000251 0.0001277 0.0000205 0.0004979 -0.0011051 
0.0001992 -0.0007260 -0.0001324 0.0000088 -0.0001300 0.0000154 -0.0002498 0.0011913 
-0.0000287 0.0007560 0.0001312 -0.0000407 0.0001284 -0.0000489 -0.0000088 -0.0012193 
-0.0001376 -0.0007256 -0.0001212 0.0000704 -0.0001146 0.0000774 0.0002688 0.0011917 
0.0003164 0.0006538 0.0001009 -0.0001023 0.0000919 -0.0001088 -0.0005164 -0.0011083 
-0.0004560 -0.0005797 -0.0000763 0.0001259 -0.0000669 0.0001309 0.0007519 0.0009654 
0.0005495 0.0004450 0.0000442 -0.0001421 0.0000323 -0.0001450 -0.0009490 -0.0007902 
-0.0006604 -0.0002977 -0.0000064 0.0001527 0.0000075 0.0001557 0.0010906 0.0005664 
0.0006972 0.0001581 -0.0000270 -0.0001520 -0.0000436 -0.0001507 -0.0011891 -0.0003204 
-0.0006995 0.0000209 0.0000670 0.0001411 0.0000857 0.0001353 0.0012407 0.0000533 
0.0006858 -0.0001675 -0.0000996 -0.0001251 -0.0001192 -0.0001161 -0.0012248 0.0002130 
-0.0006170 0.0003191 0.0001266 0.0000998 0.0001428 0.0000831 0.0011548 -0.0004728 
0.0005209 -0.0004658 -0.0001539 -0.0000655 -0.0001659 -0.0000440 -0.0010307 0.0007161 
-0.0004165 0.0005610 0.0001662 0.0000284 0.0001727 0.0000054 0.0008485 -0.0009368 
0.0002626 -0.0006287 -0.0001698 0.0000135 -0.0001692 0.0000399 -0.0006331 0.0011007 
-0.0001246 0.0006905 0.0001658 -0.0000572 0.0001618 -0.0000841 0.0003717 -0.0012147 
-0.0000293 -0.0006902 -0.0001474 0.0000935 -0.0001357 0.0001206 -0.0000980 0.0012697 
0.0001882 0.0006626 0.0001203 -0.0001309 0.0001011 -0.0001573 -0.0001868 -0.0012714 
-0.0003249 -0.0006037 -0.0000876 0.0001575 -0.0000641 0.0001800 0.0004550 0.0012022 
0.0004588 0.0005223 0.0000482 -0.0001728 0.0000157 -0.0001877 -0.0007115 -0.0010698 
-0.0005750 -0.0004016 -0.0000025 0.0001876 0.0000345 0.0001936 0.0009401 0.0008948 
0.0006430 0.0002824 -0.0000425 -0.0001823 -0.0000781 -0.0001782 -0.0011231 -0.0006652 
-0.0006878 -0.0001130 0.0000869 0.0001684 0.0001227 0.0001537 0.0012456 0.0004101 
0.0007166 -0.0000265 -0.0001287 -0.0001461 -0.0001599 -0.0001248 -0.0013040 -0.0001123 
-0.0006795 0.0001813 0.0001587 0.0001081 0.0001851 0.0000789 0.0012971 -0.0001835 
0.0006333 -0.0003367 -0.0001855 -0.0000658 -0.0002059 -0.0000299 -0.0012331 0.0004691 
-0.0005403 0.0004662 0.0001963 0.0000202 0.0002072 -0.0000171 0.0010952 -0.0007262 
0.0004341 -0.0005927 -0.0001937 0.0000281 -0.0001925 0.0000719 -0.0008959 0.0009595 
-0.0002943 0.0006751 0.0001875 -0.0000774 0.0001753 -0.0001211 0.0006669 -0.0011441 
0.0001459 -0.0007282 -0.0001630 0.0001201 -0.0001377 0.0001563 -0.0003971 0.0012648 
0.0000299 0.0007455 0.0001284 -0.0001580 0.0000920 -0.0001885 0.0001017 -0.0013201 
-0.0001974 -0.0007323 -0.0000910 0.0001875 -0.0000505 0.0002064 0.0002035 0.0013127 
0.0003426 0.0006707 0.0000364 -0.0002017 -0.0000077 -0.0002097 -0.0005062 -0.0012211 
-0.0004970 -0.0005754 0.0000135 0.0002081 0.0000593 0.0002073 0.0007652 0.0010868 
0.0006243 0.0004481 -0.0000639 -0.0001987 -0.0001038 -0.0001850 -0.0009795 -0.0008743 
-0.0007097 -0.0003073 0.0001111 0.0001737 0.0001503 0.0001472 0.0011652 0.0006176 
0.0007670 0.0001435 -0.0001507 -0.0001465 -0.0001847 -0.0001111 -0.0012741 -0.0003439 
-0.0007796 0.0000290 0.0001806 0.0001059 0.0002005 0.0000594 0.0013129 0.0000458 
0.0007575 -0.0002098 -0.0002021 -0.0000558 -0.0002111 -0.0000030 -0.0012859 0.0002544 
-0.0006875 0.0003787 0.0002110 0.0000103 0.0002042 -0.0000396 0.0011928 -0.0005420 
0.0005855 -0.0005131 -0.0002034 0.0000487 -0.0001828 0.0000954 -0.0010233 0.0008191 
-0.0004478 0.0006393 0.0001888 -0.0000952 0.0001591 -0.0001351 0.0008211 -0.0010200 
0.0002879 -0.0007377 -0.0001581 0.0001380 -0.0001171 0.0001640 -0.0005451 0.0011730 
-0.0001239 0.0007589 0.0001138 -0.0001728 0.0000651 -0.0001923 0.0002514 -0.0012798 
-0.0000556 -0.0007820 -0.0000741 0.0001916 -0.0000226 0.0002017 0.0000325 0.0012879 
0.0002257 0.0007343 0.0000248 -0.0002020 -0.0000329 -0.0001945 -0.0003384 -0.0012357 
-0.0003912 -0.0006607 0.0000286 0.0002030 0.0000844 0.0001840 0.0006132 0.0011263 
0.0005399 0.0005516 -0.0000703 -0.0001872 -0.0001150 -0.0001522 -0.0008472 -0.0009441 
-0.0006295 -0.0004096 0.0001213 0.0001614 0.0001557 0.0001139 0.0010676 0.0007174 
0.0007174 0.0002375 -0.0001542 -0.0001292 -0.0001748 -0.0000773 -0.0011835 -0.0004575 
-0.0007693 -0.0000688 0.0001787 0.0000865 0.0001805 0.0000276 0.0012591 0.0001407 
0.0007092 -0.0001055 -0.0001946 -0.0000319 -0.0001875 0.0000252 -0.0012710 0.0001540 
-0.0006913 0.0002712 0.0001895 -0.0000076 0.0001718 -0.0000597 0.0011699 -0.0004268 
0.0005726 -0.0004246 -0.0001804 0.0000538 -0.0001458 0.0001063 -0.0010388 0.0007052 
-0.0004585 0.0005376 0.0001607 -0.0000986 0.0001175 -0.0001424 0.0008337 -0.0009184 
0.0003177 -0.0006349 -0.0001279 0.0001258 -0.0000733 0.0001535 -0.0005920 0.0010852 
-0.0001473 0.0006750 0.0000918 -0.0001610 0.0000294 -0.0001733 0.0003300 -0.0012162 
-0.0000212 -0.0006909 -0.0000538 0.0001749 0.0000072 0.0001683 -0.0000389 0.0012341 
0.0001718 0.0006655 0.0000085 -0.0001792 -0.0000546 -0.0001531 -0.0002878 -0.0012238 
-0.0003345 -0.0005614 0.0000429 0.0001761 0.0000956 0.0001441 0.0005460 0.0011339 
0.0004548 0.0004869 -0.0000748 -0.0001518 -0.0001141 -0.0001124 -0.0007887 -0.0009317 
-0.0005563 -0.0003196 0.0001092 0.0001254 0.0001457 0.0000747 0.0010117 0.0007255 
0.0006207 0.0001700 -0.0001377 -0.0000986 -0.0001620 -0.0000442 -0.0011363 -0.0004556 
-0.0006273 -0.0000464 0.0001456 0.0000526 0.0001525 -0.0000099 0.0012109 0.0001614 
0.0006151 -0.0001552 -0.0001662 -0.0000208 -0.0001577 0.0000440 -0.0012376 0.0000865 
-0.0005720 0.0002732 0.0001615 -0.0000169 0.0001312 -0.0000737 0.0011463 -0.0003979 
0.0004746 -0.0003929 -0.0001476 0.0000536 -0.0001011 0.0001103 -0.0010610 0.0006800 
-0.0003408 0.0005392 0.0001327 -0.0000968 0.0000852 -0.0001375 0.0008759 -0.0008833 
0.0001922 -0.0005739 -0.0000964 0.0001186 -0.0000453 0.0001382 -0.0005921 0.0010833 
-0.0000205 0.0006416 0.0000569 -0.0001356 0.0000033 -0.0001522 0.0003393 -0.0012074 
-0.0001473 -0.0006189 -0.0000325 0.0001472 0.0000199 0.0001519 -0.0000253 0.0012345 
0.0002666 0.0005567 -0.0000180 -0.0001372 -0.0000762 -0.0001233 -0.0002837 -0.0012181 
-0.0004563 -0.0004783 0.0000407 0.0001465 0.0000970 0.0001236 0.0004973 0.0011163 
0.0005279 0.0003510 -0.0000701 -0.0001227 -0.0001151 -0.0000775 -0.0007896 -0.0009284 
-0.0006111 -0.0001795 0.0000947 0.0000982 0.0001419 0.0000407 0.0009780 0.0007911 
0.0007343 0.0000234 -0.0001264 -0.0000850 -0.0001519 -0.0000307 -0.0011103 -0.0005336 
-0.0006351 0.0002060 0.0001365 0.0000325 0.0001347 -0.0000200 0.0012617 0.0001755 
0.0006790 -0.0003581 -0.0001397 0.0000093 -0.0001387 0.0000525 -0.0012798 0.0000701 
-0.0005608 0.0005388 0.0001322 -0.0000209 0.0001202 -0.0000556 0.0011959 -0.0003943 
0.0003686 -0.0006628 -0.0001132 0.0000808 -0.0000862 0.0001248 -0.0011268 0.0007110 
-0.0002394 0.0007787 0.0001134 -0.0000822 0.0000858 -0.0001238 0.0008731 -0.0008540 
0.0000069 -0.0008235 -0.0000818 0.0000986 -0.0000294 0.0001296 -0.0006294 0.0011086 
0.0002184 0.0007806 0.0000462 -0.0001152 -0.0000120 -0.0001504 0.0004439 -0.0011530 
-0.0004492 -0.0008974 -0.0000541 0.0001429 -0.0000039 0.0001500 -0.0001659 0.0012245 
0.0007601 0.0006428 -0.0000220 -0.0001430 -0.0000689 -0.0001118 -0.0002117 -0.0013523 
