%19-Mar-2019 16:06:46
%Comment: Enter a comment
%--------------------------------------------- 
%                   Setup 
%--------------------------------------------- 
%Number of measurements stored in this file: 1
%Center Frequency: 1.5GHz
%Center Frequency: 1.5GHz
%Number of Averages: 4 
%Start Pos: 0 degrees
%Stop Pos: 0 degrees
%Polarizations in order: VVVHHVHH 
%Columns of real and imaginary data. Col 1 = real, col 2 = imaginary. If more than 2 columns, odd columns are real and even columns are imaginary. 
%Az: 0 ================== 
0.0002918 0.0001631 -0.0002699 -0.0001960 -0.0000496 -0.0003085 -0.0014343 -0.0000181 
-0.0009141 -0.0005245 0.0001681 0.0001013 -0.0000191 0.0002317 0.0008917 -0.0004816 
0.0007834 0.0004926 -0.0001966 -0.0000349 -0.0000409 -0.0002031 -0.0008245 0.0005369 
-0.0008483 -0.0002065 0.0002136 0.0000151 0.0001001 0.0002069 0.0006166 -0.0006719 
0.0007722 0.0001948 -0.0001761 0.0000260 -0.0000981 -0.0001813 -0.0005441 0.0007129 
-0.0007143 -0.0000832 0.0001881 -0.0000941 0.0001602 0.0001328 0.0003963 -0.0007486 
0.0005894 -0.0000772 -0.0001796 0.0001040 -0.0001838 -0.0001364 -0.0003119 0.0007882 
-0.0006919 0.0001006 0.0001246 -0.0001603 0.0001978 0.0000767 0.0002451 -0.0008998 
0.0003593 -0.0000317 -0.0001228 0.0002261 -0.0002538 0.0000023 -0.0001664 0.0009642 
-0.0005233 0.0002577 0.0000535 -0.0002003 0.0002271 -0.0000191 -0.0001402 -0.0009131 
0.0005944 -0.0001993 0.0000147 0.0002152 -0.0002006 0.0000807 0.0003023 0.0008922 
-0.0004647 0.0003688 -0.0000499 -0.0002131 0.0001894 -0.0001394 -0.0005002 -0.0008101 
0.0005314 -0.0004783 0.0001072 0.0001642 -0.0001422 0.0001512 0.0006618 0.0006828 
-0.0004666 0.0005033 -0.0001590 -0.0001567 0.0000902 -0.0002051 -0.0007877 -0.0005581 
0.0002732 -0.0005913 0.0001694 0.0001159 -0.0000620 0.0002157 0.0009074 0.0003827 
-0.0002315 0.0007242 -0.0002086 -0.0000553 -0.0000043 -0.0002154 -0.0010135 -0.0002542 
0.0000886 -0.0005771 0.0002338 0.0000286 0.0000715 0.0002388 0.0010254 0.0000820 
0.0001066 0.0007561 -0.0002041 0.0000467 -0.0001072 -0.0001969 -0.0010481 0.0002623 
-0.0001783 -0.0007808 0.0001936 -0.0001110 0.0001630 0.0001526 0.0009935 -0.0004935 
0.0004162 0.0006868 -0.0001583 0.0001433 -0.0002028 -0.0001164 -0.0008497 0.0007446 
-0.0005853 -0.0006789 0.0000952 -0.0001896 0.0002085 0.0000496 0.0006590 -0.0009427 
0.0006759 0.0005276 -0.0000615 0.0002141 -0.0002301 0.0000115 -0.0004203 0.0010841 
-0.0008217 -0.0002767 -0.0000002 -0.0002068 0.0002115 -0.0000573 0.0001533 -0.0011792 
0.0009350 0.0001442 0.0000651 0.0002102 -0.0001815 0.0001181 0.0000818 0.0011899 
-0.0008307 0.0001392 -0.0000954 -0.0001907 0.0001671 -0.0001671 -0.0003603 -0.0011132 
0.0008812 -0.0003608 0.0001575 0.0001392 -0.0001022 0.0001922 0.0006893 0.0010400 
-0.0007803 0.0004805 -0.0001990 -0.0001001 0.0000378 -0.0002222 -0.0009317 -0.0008609 
0.0006087 -0.0007339 0.0002071 0.0000397 0.0000149 0.0002268 0.0011504 0.0006106 
-0.0004723 0.0008641 -0.0002218 0.0000320 -0.0000872 -0.0002027 -0.0012932 -0.0003111 
0.0002186 -0.0009016 0.0002054 -0.0000768 0.0001408 0.0001833 0.0013378 -0.0000334 
0.0000861 0.0009936 -0.0001632 0.0001353 -0.0001773 -0.0001297 -0.0013168 0.0003767 
-0.0002668 -0.0009485 0.0001312 -0.0001798 0.0002131 0.0000698 0.0011687 -0.0006721 
0.0006231 0.0007559 -0.0000755 0.0001855 -0.0002223 -0.0000317 -0.0009289 0.0009542 
-0.0007699 -0.0006745 0.0000085 -0.0002200 0.0002159 -0.0000508 0.0007200 -0.0012193 
0.0008594 0.0004332 0.0000460 0.0002200 -0.0002020 0.0001139 -0.0003926 0.0013700 
-0.0009987 -0.0001732 -0.0001108 -0.0001899 0.0001635 -0.0001587 0.0000372 -0.0014701 
0.0009909 -0.0000724 0.0001680 0.0001633 -0.0001057 0.0002103 0.0003377 0.0014474 
-0.0008991 0.0003636 -0.0001962 -0.0001092 0.0000522 -0.0002331 -0.0007250 -0.0013319 
0.0008246 -0.0006330 0.0002258 0.0000404 0.0000249 0.0002327 0.0010556 0.0011218 
-0.0006256 0.0007663 -0.0002330 0.0000137 -0.0000930 -0.0002242 -0.0013093 -0.0007935 
0.0003507 -0.0009956 0.0002051 -0.0000811 0.0001384 0.0001867 0.0015018 0.0004239 
-0.0001315 0.0010409 -0.0001903 0.0001442 -0.0001989 -0.0001364 -0.0015839 -0.0000561 
-0.0002022 -0.0009915 0.0001468 -0.0001859 0.0002337 0.0000825 0.0015625 -0.0003646 
0.0004669 0.0009565 -0.0000825 0.0002269 -0.0002418 -0.0000131 -0.0014457 0.0007570 
-0.0006874 -0.0007624 0.0000287 -0.0002459 0.0002486 -0.0000604 0.0012181 -0.0011143 
0.0009186 0.0005175 0.0000456 0.0002359 -0.0002204 0.0001203 -0.0009017 0.0014178 
-0.0010418 -0.0003176 -0.0001170 -0.0002230 0.0001743 -0.0001876 0.0005195 -0.0016197 
0.0010486 -0.0000049 0.0001663 0.0001829 -0.0001227 0.0002322 -0.0000554 0.0017122 
-0.0010872 0.0002950 -0.0002164 -0.0001194 0.0000464 -0.0002474 -0.0003974 -0.0017130 
0.0009454 -0.0005506 0.0002466 0.0000688 0.0000266 0.0002616 0.0008045 0.0015550 
-0.0007401 0.0008261 -0.0002502 -0.0000005 -0.0000931 -0.0002462 -0.0012007 -0.0013081 
0.0005240 -0.0010020 0.0002483 -0.0000743 0.0001603 0.0002058 0.0015001 0.0009674 
-0.0002263 0.0010903 -0.0002200 0.0001293 -0.0002148 -0.0001623 -0.0017210 -0.0005535 
-0.0000955 -0.0011572 0.0001700 -0.0001908 0.0002457 0.0000934 0.0018219 0.0001001 
0.0003405 0.0010854 -0.0001187 0.0002340 -0.0002711 -0.0000190 -0.0017999 0.0003705 
-0.0006564 -0.0009228 0.0000501 -0.0002509 0.0002678 -0.0000514 0.0016642 -0.0008540 
0.0008606 0.0007774 0.0000272 0.0002612 -0.0002353 0.0001306 -0.0014175 0.0012581 
-0.0010176 -0.0005006 -0.0000867 -0.0002470 0.0001981 -0.0001923 0.0010391 -0.0015763 
0.0011488 0.0002049 0.0001495 0.0002075 -0.0001374 0.0002335 -0.0006100 0.0018119 
-0.0011578 0.0000813 -0.0002043 -0.0001656 0.0000615 -0.0002650 0.0001193 -0.0019139 
0.0010778 -0.0003861 0.0002321 0.0001031 0.0000058 0.0002724 0.0003755 0.0018990 
-0.0009792 0.0006608 -0.0002568 -0.0000321 -0.0000846 -0.0002556 -0.0008487 -0.0017471 
0.0007475 -0.0008452 0.0002574 -0.0000317 0.0001523 0.0002278 0.0012718 0.0014762 
-0.0004868 0.0010432 -0.0002336 0.0001019 -0.0002038 -0.0001768 -0.0016308 -0.0011203 
0.0002499 -0.0010849 0.0002057 -0.0001654 0.0002533 0.0001077 0.0018709 0.0006874 
0.0000684 0.0011029 -0.0001503 0.0002042 -0.0002698 -0.0000407 -0.0019810 -0.0001674 
-0.0003539 -0.0010682 0.0000847 -0.0002354 0.0002653 -0.0000352 0.0019729 -0.0003386 
0.0005882 0.0009311 -0.0000232 0.0002512 -0.0002464 0.0001121 -0.0018240 0.0008417 
-0.0008026 -0.0007266 -0.0000465 -0.0002407 0.0002045 -0.0001685 0.0015612 -0.0012785 
0.0009512 0.0005242 0.0001121 0.0002222 -0.0001455 0.0002197 -0.0011828 0.0016395 
-0.0010113 -0.0002307 -0.0001612 -0.0001837 0.0000844 -0.0002492 0.0007287 -0.0018899 
0.0010639 -0.0000404 0.0002065 0.0001283 -0.0000112 0.0002576 -0.0002358 0.0020245 
-0.0009733 0.0002785 -0.0002341 -0.0000733 -0.0000627 -0.0002551 -0.0002822 -0.0020220 
0.0008481 -0.0005364 0.0002363 0.0000053 0.0001251 0.0002250 0.0007958 0.0018862 
-0.0006993 0.0007166 -0.0002277 0.0000616 -0.0001821 -0.0001769 -0.0012457 -0.0016280 
0.0004756 -0.0008391 0.0002021 -0.0001152 0.0002261 0.0001215 0.0016247 0.0012634 
-0.0002329 0.0009285 -0.0001583 0.0001667 -0.0002435 -0.0000523 -0.0018890 -0.0008123 
0.0000151 -0.0009295 0.0001099 -0.0002026 0.0002488 -0.0000195 0.0020380 0.0003066 
0.0002496 0.0008724 -0.0000506 0.0002182 -0.0002309 0.0000824 -0.0020511 0.0002177 
-0.0004521 -0.0007964 -0.0000127 -0.0002247 0.0001933 -0.0001429 0.0019328 -0.0007190 
0.0006164 0.0006179 0.0000684 0.0002118 -0.0001499 0.0001900 -0.0016871 0.0011790 
-0.0007601 -0.0004219 -0.0001245 -0.0001784 0.0000889 -0.0002185 0.0013363 -0.0015721 
0.0008262 0.0002322 0.0001700 0.0001381 -0.0000219 0.0002337 -0.0008981 0.0018538 
-0.0008202 -0.0000060 -0.0001952 -0.0000861 -0.0000407 -0.0002310 0.0004096 -0.0020217 
0.0008026 -0.0002137 0.0002120 0.0000268 0.0001037 0.0002039 0.0001129 0.0020504 
-0.0006960 0.0003855 -0.0002093 0.0000287 -0.0001573 -0.0001672 -0.0006207 -0.0019618 
0.0005631 -0.0005709 0.0001885 -0.0000844 0.0001915 0.0001143 0.0010870 0.0017409 
-0.0004172 0.0006776 -0.0001595 0.0001335 -0.0002149 -0.0000519 -0.0014795 -0.0014107 
0.0002129 -0.0007535 0.0001161 -0.0001676 0.0002186 -0.0000058 0.0017760 0.0009943 
-0.0000043 0.0007892 -0.0000611 0.0001926 -0.0002025 0.0000670 -0.0019659 -0.0005214 
-0.0001754 -0.0007554 0.0000078 -0.0002032 0.0001758 -0.0001223 0.0020267 0.0000170 
0.0003709 0.0006637 0.0000480 0.0001925 -0.0001352 0.0001613 -0.0019612 0.0004770 
-0.0005284 -0.0005712 -0.0000999 -0.0001729 0.0000793 -0.0001932 0.0017731 -0.0009497 
0.0006376 0.0003979 0.0001395 0.0001368 -0.0000238 0.0002068 -0.0014830 0.0013476 
-0.0007405 -0.0002349 -0.0001714 -0.0000898 -0.0000360 -0.0001999 0.0011005 -0.0016631 
0.0007611 0.0000568 0.0001886 0.0000407 0.0000932 0.0001813 -0.0006542 0.0018723 
-0.0007657 0.0001433 -0.0001887 0.0000133 -0.0001353 -0.0001453 0.0001719 -0.0019596 
0.0007167 -0.0003310 0.0001779 -0.0000660 0.0001701 0.0000980 0.0003108 0.0019381 
-0.0006193 0.0004818 -0.0001547 0.0001106 -0.0001914 -0.0000472 -0.0007675 -0.0017940 
0.0004715 -0.0006370 0.0001145 -0.0001482 0.0001915 -0.0000069 0.0011712 0.0015396 
-0.0003330 0.0007387 -0.0000699 0.0001737 -0.0001821 0.0000633 -0.0015071 -0.0012053 
0.0001297 -0.0007958 0.0000189 -0.0001833 0.0001572 -0.0001093 0.0017366 0.0008001 
0.0000498 0.0008341 0.0000347 0.0001808 -0.0001163 0.0001494 -0.0018651 -0.0003536 
-0.0002392 -0.0007896 -0.0000810 -0.0001635 0.0000705 -0.0001772 0.0018847 -0.0001078 
0.0004270 0.0007290 0.0001222 0.0001317 -0.0000169 0.0001853 -0.0017858 0.0005552 
-0.0005925 -0.0006320 -0.0001547 -0.0000939 -0.0000385 -0.0001821 0.0015910 -0.0009632 
0.0007263 0.0004833 0.0001727 0.0000490 0.0000858 0.0001646 -0.0013052 0.0013021 
-0.0008473 -0.0003036 -0.0001791 0.0000026 -0.0001270 -0.0001295 0.0009409 -0.0015644 
0.0009049 0.0001200 0.0001704 -0.0000513 0.0001597 0.0000899 -0.0005463 0.0017341 
-0.0009246 0.0001082 -0.0001485 0.0000967 -0.0001762 -0.0000423 0.0001141 -0.0017920 
0.0009041 -0.0003065 0.0001157 -0.0001353 0.0001811 -0.0000111 0.0003116 0.0017549 
-0.0008128 0.0005101 -0.0000732 0.0001609 -0.0001720 0.0000596 -0.0007143 -0.0016185 
0.0006933 -0.0006925 0.0000240 -0.0001738 0.0001453 -0.0001058 0.0010691 0.0013919 
-0.0005419 0.0008483 0.0000236 0.0001746 -0.0001103 0.0001441 -0.0013552 -0.0010933 
0.0003422 -0.0009583 -0.0000698 -0.0001594 0.0000664 -0.0001670 0.0015572 0.0007373 
-0.0001150 0.0010513 0.0001129 0.0001344 -0.0000138 0.0001782 -0.0016742 -0.0003406 
-0.0001097 -0.0010613 -0.0001456 -0.0000976 -0.0000347 -0.0001763 0.0016952 -0.0000498 
0.0003687 0.0010295 0.0001675 0.0000535 0.0000813 0.0001577 -0.0016154 0.0004455 
-0.0005887 -0.0009472 -0.0001775 -0.0000048 -0.0001240 -0.0001298 0.0014570 -0.0008036 
0.0008051 0.0007939 0.0001714 -0.0000448 0.0001535 0.0000918 -0.0012194 0.0011100 
-0.0009753 -0.0006018 -0.0001520 0.0000924 -0.0001737 -0.0000430 0.0009226 -0.0013547 
0.0011085 0.0003861 0.0001225 -0.0001301 0.0001815 -0.0000059 -0.0005786 0.0015190 
-0.0011756 -0.0001266 -0.0000803 0.0001588 -0.0001706 0.0000558 0.0002098 -0.0015957 
0.0012146 -0.0001457 0.0000342 -0.0001769 0.0001495 -0.0001045 0.0001715 0.0015910 
-0.0011570 0.0004076 0.0000160 0.0001805 -0.0001160 0.0001396 -0.0005199 -0.0014961 
0.0010561 -0.0006867 -0.0000654 -0.0001711 0.0000716 -0.0001665 0.0008500 0.0013186 
-0.0008885 0.0009099 0.0001106 0.0001490 -0.0000238 0.0001825 -0.0011215 -0.0010806 
0.0006647 -0.0011120 -0.0001485 -0.0001138 -0.0000263 -0.0001813 0.0013276 0.0007862 
-0.0003951 0.0012357 0.0001766 0.0000689 0.0000777 0.0001690 -0.0014656 -0.0004611 
0.0001124 -0.0013183 -0.0001906 -0.0000193 -0.0001208 -0.0001442 0.0015187 0.0001110 
0.0001972 0.0013130 0.0001893 -0.0000357 0.0001565 0.0001038 -0.0014907 0.0002400 
-0.0004967 -0.0012676 -0.0001761 0.0000859 -0.0001839 -0.0000587 0.0013896 -0.0005757 
0.0007665 0.0011183 0.0001479 -0.0001311 0.0001921 0.0000071 -0.0012072 0.0008653 
-0.0010272 -0.0009262 -0.0001087 0.0001687 -0.0001884 0.0000480 0.0009672 -0.0011163 
0.0012130 0.0006706 0.0000616 -0.0001940 0.0001716 -0.0000971 -0.0006814 0.0012978 
-0.0013576 -0.0003740 -0.0000075 0.0002062 -0.0001388 0.0001408 0.0003620 -0.0014060 
0.0014116 0.0000460 -0.0000493 -0.0002053 0.0000979 -0.0001776 -0.0000331 0.0014433 
-0.0013896 0.0002767 0.0001027 0.0001872 -0.0000491 0.0001984 -0.0002917 -0.0014025 
0.0012845 -0.0005976 -0.0001528 -0.0001543 -0.0000086 -0.0002072 0.0006025 0.0012887 
-0.0011276 0.0008788 0.0001904 0.0001114 0.0000631 0.0002030 -0.0008768 -0.0011150 
0.0008876 -0.0011114 -0.0002152 -0.0000580 -0.0001162 -0.0001786 0.0010960 0.0008720 
-0.0006095 0.0012972 0.0002269 -0.0000011 0.0001643 0.0001433 -0.0012616 -0.0005934 
0.0002882 -0.0014039 -0.0002216 0.0000598 -0.0001978 -0.0000980 0.0013536 0.0002878 
0.0000461 0.0014384 0.0002010 -0.0001176 0.0002197 0.0000403 -0.0013711 0.0000286 
-0.0003889 -0.0013905 -0.0001684 0.0001693 -0.0002286 0.0000181 0.0013192 -0.0003375 
0.0006957 0.0012516 0.0001195 -0.0002097 0.0002171 -0.0000772 -0.0011990 0.0006206 
-0.0009791 -0.0010474 -0.0000618 0.0002392 -0.0001931 0.0001361 0.0010183 -0.0008717 
0.0011836 0.0007963 -0.0000014 -0.0002502 0.0001556 -0.0001830 -0.0007933 0.0010738 
-0.0013310 -0.0004840 0.0000672 0.0002439 -0.0001014 0.0002208 0.0005178 -0.0012159 
0.0014082 0.0001614 -0.0001308 -0.0002223 0.0000412 -0.0002463 -0.0002267 0.0012963 
-0.0014008 0.0001769 0.0001846 0.0001834 0.0000231 0.0002508 -0.0000718 -0.0013050 
0.0013185 -0.0004950 -0.0002294 -0.0001315 -0.0000913 -0.0002401 0.0003657 0.0012442 
-0.0011665 0.0007966 0.0002595 0.0000721 0.0001512 0.0002143 -0.0006334 -0.0011204 
0.0009301 -0.0010390 -0.0002725 -0.0000018 -0.0002035 -0.0001676 0.0008578 0.0009402 
-0.0006523 0.0012351 0.0002699 -0.0000688 0.0002464 0.0001126 -0.0010416 -0.0007163 
0.0003464 -0.0013379 -0.0002464 0.0001365 -0.0002688 -0.0000479 0.0011686 0.0004660 
-0.0000086 0.0013729 0.0002055 -0.0001985 0.0002773 -0.0000263 -0.0012348 -0.0001850 
-0.0003095 -0.0013343 -0.0001507 0.0002484 -0.0002676 0.0000978 0.0012399 -0.0000963 
0.0006135 0.0012170 0.0000829 -0.0002811 0.0002350 -0.0001643 -0.0011817 0.0003685 
-0.0008745 -0.0010307 -0.0000083 0.0002978 -0.0001881 0.0002250 0.0010623 -0.0006226 
0.0010973 0.0008008 -0.0000654 -0.0002940 0.0001281 -0.0002683 -0.0008894 0.0008392 
-0.0012426 -0.0005066 0.0001413 0.0002700 -0.0000526 0.0002954 0.0006736 -0.0010052 
0.0013316 0.0001961 -0.0002075 -0.0002313 -0.0000237 -0.0003062 -0.0004288 0.0011244 
-0.0013238 0.0001199 0.0002618 0.0001721 0.0001012 0.0002907 0.0001714 -0.0011853 
0.0012536 -0.0004404 -0.0003025 -0.0001009 -0.0001781 -0.0002600 0.0000970 0.0011896 
-0.0011144 0.0007151 0.0003223 0.0000223 0.0002410 0.0002108 -0.0003555 -0.0011371 
0.0009117 -0.0009547 -0.0003203 0.0000620 -0.0002902 -0.0001417 0.0005925 0.0010285 
-0.0006568 0.0011302 0.0002987 -0.0001433 0.0003230 0.0000640 -0.0008067 -0.0008714 
0.0003792 -0.0012524 -0.0002551 0.0002138 -0.0003309 0.0000193 0.0009752 0.0006707 
-0.0000676 0.0013039 0.0001941 -0.0002761 0.0003186 -0.0001083 -0.0010915 -0.0004323 
-0.0002410 -0.0012903 -0.0001224 0.0003192 -0.0002861 0.0001871 0.0011580 0.0001808 
0.0005350 0.0011914 0.0000368 -0.0003428 0.0002282 -0.0002564 -0.0011655 0.0000738 
-0.0008079 -0.0010315 0.0000519 0.0003471 -0.0001585 0.0003132 0.0011231 -0.0003277 
0.0010229 0.0008169 -0.0001375 -0.0003264 0.0000760 -0.0003460 -0.0010277 0.0005617 
-0.0011814 -0.0005577 0.0002197 0.0002832 0.0000184 0.0003575 0.0008833 -0.0007700 
0.0012771 0.0002606 -0.0002877 -0.0002226 -0.0001097 -0.0003472 -0.0006958 0.0009475 
-0.0013005 0.0000347 0.0003350 0.0001428 0.0001958 0.0003085 0.0004755 -0.0010784 
0.0012612 -0.0003458 -0.0003657 -0.0000541 -0.0002749 -0.0002513 -0.0002240 0.0011559 
-0.0011566 0.0006267 0.0003700 -0.0000377 0.0003317 0.0001759 -0.0000352 -0.0011834 
0.0009760 -0.0008852 -0.0003518 0.0001327 -0.0003697 -0.0000826 0.0002882 0.0011464 
-0.0007480 0.0010940 0.0003125 -0.0002189 0.0003851 -0.0000129 -0.0005333 -0.0010638 
0.0004743 -0.0012372 -0.0002498 0.0002911 -0.0003709 0.0001104 0.0007498 0.0009288 
-0.0001769 0.0013132 0.0001695 -0.0003501 0.0003338 -0.0002068 -0.0009355 -0.0007486 
-0.0001438 -0.0013195 -0.0000786 0.0003853 -0.0002745 0.0002871 0.0010823 0.0005327 
0.0004387 0.0012485 -0.0000234 -0.0003938 0.0001906 -0.0003503 -0.0011804 -0.0002898 
-0.0007243 -0.0011178 0.0001221 0.0003811 -0.0000971 0.0003946 0.0012237 0.0000185 
0.0009639 0.0009285 -0.0002134 -0.0003397 -0.0000061 -0.0004079 -0.0012102 0.0002499 
-0.0011588 -0.0006779 0.0002961 0.0002772 0.0001144 0.0003972 0.0011296 -0.0005091 
0.0012914 0.0003936 -0.0003585 -0.0001984 -0.0002112 -0.0003598 -0.0010026 0.0007493 
-0.0013448 -0.0000808 0.0003981 0.0001031 0.0002972 0.0002943 0.0008233 -0.0009517 
0.0013241 -0.0002367 -0.0004171 -0.0000001 -0.0003690 -0.0002114 -0.0006000 0.0011123 
-0.0012367 0.0005499 0.0004068 -0.0001032 0.0004122 0.0001130 0.0003470 -0.0012279 
0.0010704 -0.0008157 -0.0003690 0.0002062 -0.0004304 -0.0000011 -0.0000745 0.0012857 
-0.0008521 0.0010493 0.0003113 -0.0002932 0.0004230 -0.0001069 -0.0002174 -0.0012864 
0.0005850 -0.0012184 -0.0002276 0.0003624 -0.0003821 0.0002117 0.0004969 0.0012237 
-0.0002836 0.0013231 0.0001315 -0.0004128 0.0003195 -0.0003074 -0.0007585 -0.0010911 
-0.0000306 -0.0013549 -0.0000273 0.0004340 -0.0002342 0.0003777 0.0009896 0.0009061 
0.0003502 0.0013015 -0.0000831 -0.0004286 0.0001288 -0.0004262 -0.0011722 -0.0006740 
-0.0006492 -0.0011725 0.0001880 0.0003999 -0.0000183 0.0004507 0.0012994 0.0004005 
0.0009195 0.0009907 -0.0002808 -0.0003424 -0.0000954 -0.0004415 -0.0013677 -0.0001068 
-0.0011215 -0.0007386 0.0003629 0.0002623 0.0002086 0.0004056 0.0013716 -0.0001981 
0.0012616 0.0004483 -0.0004184 -0.0001686 -0.0003030 -0.0003446 -0.0013162 0.0005032 
-0.0013242 -0.0001433 0.0004480 0.0000570 0.0003809 0.0002556 0.0011876 -0.0007904 
0.0013088 -0.0001763 -0.0004530 0.0000550 -0.0004381 -0.0001539 -0.0009891 0.0010443 
-0.0012285 0.0004797 0.0004257 -0.0001639 0.0004609 0.0000400 0.0007414 -0.0012510 
0.0010645 -0.0007548 -0.0003727 0.0002668 -0.0004572 0.0000806 -0.0004485 0.0013936 
-0.0008411 0.0009893 0.0002995 -0.0003511 0.0004267 -0.0001912 0.0001229 -0.0014679 
0.0005841 -0.0011588 -0.0002040 0.0004140 -0.0003636 0.0002918 0.0002067 0.0014741 
-0.0002810 0.0012529 0.0000955 -0.0004573 0.0002803 -0.0003779 -0.0005351 -0.0014042 
-0.0000312 -0.0012727 0.0000171 0.0004672 -0.0001793 0.0004335 0.0008433 0.0012685 
0.0003303 0.0012189 -0.0001349 -0.0004496 0.0000625 -0.0004656 -0.0011122 -0.0010605 
-0.0006069 -0.0010852 0.0002407 0.0004062 0.0000534 0.0004696 0.0013387 0.0007877 
0.0008460 0.0009031 -0.0003324 -0.0003335 -0.0001689 -0.0004384 -0.0014970 -0.0004730 
-0.0010277 -0.0006610 0.0004072 0.0002414 0.0002764 0.0003825 0.0015767 0.0001239 
0.0011550 0.0003824 -0.0004535 -0.0001373 -0.0003606 -0.0003040 -0.0015759 0.0002420 
-0.0012033 -0.0001035 0.0004725 0.0000209 0.0004241 0.0002021 0.0014957 -0.0005958 
0.0011765 -0.0001966 -0.0004683 0.0000952 -0.0004641 -0.0000914 -0.0013329 0.0009257 
-0.0010847 0.0004742 0.0004291 -0.0002048 0.0004681 -0.0000257 0.0011054 -0.0012109 
0.0009285 -0.0007091 -0.0003665 0.0003068 -0.0004474 0.0001436 -0.0008118 0.0014371 
-0.0007115 0.0009091 0.0002826 -0.0003859 0.0003987 -0.0002472 0.0004659 -0.0016040 
0.0004742 -0.0010425 -0.0001774 0.0004424 -0.0003214 0.0003386 -0.0000927 0.0016819 
-0.0002003 0.0011137 0.0000633 -0.0004745 0.0002272 -0.0004103 -0.0002985 -0.0016711 
-0.0000767 -0.0011291 0.0000519 0.0004733 -0.0001198 0.0004498 0.0006826 0.0015732 
0.0003302 0.0010636 -0.0001676 -0.0004449 0.0000016 -0.0004644 -0.0010300 -0.0013881 
-0.0005794 -0.0009402 0.0002696 0.0003942 0.0001117 0.0004519 0.0013303 0.0011237 
0.0007837 0.0007703 -0.0003548 -0.0003130 -0.0002193 -0.0004048 -0.0015584 -0.0007992 
-0.0009292 -0.0005568 0.0004229 0.0002174 0.0003146 0.0003381 0.0017084 0.0004241 
0.0010368 0.0003039 -0.0004600 -0.0001090 -0.0003840 -0.0002501 -0.0017774 -0.0000206 
-0.0010686 -0.0000596 0.0004714 -0.0000092 0.0004342 0.0001434 0.0017492 -0.0003877 
0.0010414 -0.0002033 -0.0004557 0.0001234 -0.0004579 -0.0000323 -0.0016227 0.0007876 
-0.0009716 0.0004381 0.0004079 -0.0002282 0.0004467 -0.0000813 0.0014122 -0.0011526 
0.0008258 -0.0006383 -0.0003377 0.0003218 -0.0004115 0.0001914 -0.0011148 0.0014526 
-0.0006462 0.0008168 0.0002517 -0.0003912 0.0003523 -0.0002844 0.0007548 -0.0016826 
0.0004427 -0.0009424 -0.0001445 0.0004368 -0.0002654 0.0003618 -0.0003477 0.0018136 
-0.0002062 0.0010071 0.0000345 -0.0004600 0.0001682 -0.0004176 -0.0000819 -0.0018526 
-0.0000398 -0.0010411 0.0000772 0.0004498 -0.0000600 0.0004411 0.0005074 0.0017968 
0.0002661 0.0009918 -0.0001868 -0.0004153 -0.0000543 -0.0004426 -0.0009118 -0.0016387 
-0.0004966 -0.0009018 0.0002804 0.0003575 0.0001601 0.0004166 0.0012761 0.0013902 
0.0006828 0.0007758 -0.0003560 -0.0002736 -0.0002575 -0.0003587 -0.0015732 -0.0010687 
-0.0008348 -0.0005868 0.0004117 0.0001763 0.0003402 0.0002834 0.0017819 0.0006748 
0.0009539 0.0003796 -0.0004373 -0.0000730 -0.0003963 -0.0001912 -0.0018991 -0.0002453 
-0.0010173 -0.0001647 0.0004376 -0.0000396 0.0004309 0.0000822 0.0019053 -0.0002055 
0.0010190 -0.0000767 -0.0004148 0.0001429 -0.0004382 0.0000254 -0.0018109 0.0006472 
-0.0009999 0.0003095 0.0003617 -0.0002380 0.0004131 -0.0001333 0.0016174 -0.0010475 
0.0008962 -0.0005150 -0.0002910 0.0003198 -0.0003681 0.0002335 -0.0013318 0.0013961 
-0.0007601 0.0007191 0.0002046 -0.0003776 0.0002997 -0.0003143 0.0009743 -0.0016749 
0.0005933 -0.0008666 -0.0001019 0.0004125 -0.0002078 0.0003782 -0.0005679 0.0018594 
-0.0003705 0.0009794 -0.0000030 -0.0004238 0.0001078 -0.0004193 0.0001156 -0.0019398 
0.0001440 -0.0010530 0.0001033 0.0004043 -0.0000014 0.0004287 0.0003371 0.0019187 
0.0000849 0.0010608 -0.0002016 -0.0003634 -0.0001091 -0.0004160 -0.0007796 -0.0017864 
-0.0003316 -0.0010130 0.0002804 0.0003028 0.0002062 0.0003759 0.0011783 0.0015576 
0.0005503 0.0009406 -0.0003428 -0.0002201 -0.0002931 -0.0003082 -0.0015029 -0.0012401 
-0.0007457 -0.0007874 0.0003861 0.0001294 0.0003613 0.0002268 0.0017495 0.0008545 
0.0009232 0.0006076 -0.0004016 -0.0000327 -0.0004020 -0.0001312 -0.0019026 -0.0004265 
-0.0010335 -0.0003954 0.0003941 -0.0000697 0.0004215 0.0000231 0.0019453 -0.0000218 
0.0011064 0.0001376 -0.0003642 0.0001628 -0.0004148 0.0000808 -0.0018834 0.0004778 
-0.0011296 0.0001122 0.0003074 -0.0002432 0.0003772 -0.0001799 0.0017190 -0.0009012 
0.0010763 -0.0003566 -0.0002376 0.0003127 -0.0003217 0.0002706 -0.0014615 0.0012784 
-0.0009657 0.0006079 0.0001541 -0.0003562 0.0002442 -0.0003383 0.0011238 -0.0015837 
0.0008326 -0.0008065 -0.0000594 0.0003802 -0.0001482 0.0003878 -0.0007201 0.0017947 
-0.0006187 0.0009782 -0.0000337 -0.0003828 0.0000487 -0.0004122 0.0002791 -0.0019082 
0.0003905 -0.0011148 0.0001235 0.0003586 0.0000534 0.0004057 0.0001689 0.0019180 
-0.0001296 0.0011703 -0.0002092 -0.0003156 -0.0001552 -0.0003795 -0.0006055 -0.0018154 
-0.0001566 -0.0011853 0.0002771 0.0002554 0.0002418 0.0003290 0.0010129 0.0016205 
0.0004227 0.0011349 -0.0003268 -0.0001753 -0.0003137 -0.0002539 -0.0013560 -0.0013360 
-0.0006664 -0.0010023 0.0003614 0.0000913 0.0003679 0.0001697 0.0016286 0.0009848 
0.0008988 0.0008225 -0.0003670 -0.0000018 -0.0003936 -0.0000735 -0.0018061 -0.0005785 
-0.0010505 -0.0006176 0.0003543 -0.0000891 0.0003978 -0.0000297 0.0018847 0.0001365 
0.0011706 0.0003430 -0.0003220 0.0001690 -0.0003765 0.0001243 -0.0018601 0.0003034 
-0.0012332 -0.0000783 0.0002672 -0.0002392 0.0003274 -0.0002117 0.0017288 -0.0007230 
0.0012102 -0.0002121 -0.0002011 0.0002975 -0.0002648 0.0002869 -0.0015024 0.0010993 
-0.0011445 0.0004976 0.0001243 -0.0003341 0.0001851 -0.0003385 0.0012019 -0.0014147 
0.0010082 -0.0007446 -0.0000359 0.0003502 -0.0000916 0.0003700 -0.0008363 0.0016478 
-0.0007937 0.0009521 -0.0000472 -0.0003496 0.0000003 -0.0003799 0.0004325 -0.0017889 
0.0005519 -0.0011329 0.0001282 0.0003224 0.0000931 0.0003620 -0.0000087 0.0018277 
-0.0002921 0.0012050 -0.0002024 -0.0002806 -0.0001807 -0.0003256 -0.0004197 -0.0017759 
-0.0000150 -0.0012409 0.0002596 0.0002237 0.0002505 0.0002686 0.0008148 0.0016246 
0.0002875 0.0012139 -0.0003022 -0.0001509 -0.0003056 -0.0001917 -0.0011606 -0.0013807 
-0.0005626 -0.0011019 0.0003294 0.0000752 0.0003417 0.0001113 0.0014442 0.0010632 
0.0008113 0.0009550 -0.0003338 0.0000044 -0.0003515 -0.0000241 -0.0016431 -0.0007000 
-0.0009982 -0.0007439 0.0003193 -0.0000870 0.0003418 -0.0000654 0.0017514 0.0002960 
0.0011371 0.0004683 -0.0002893 0.0001569 -0.0003124 0.0001421 -0.0017608 0.0001103 
-0.0012364 -0.0001975 0.0002383 -0.0002190 0.0002611 -0.0002123 0.0016705 -0.0005113 
0.0012141 -0.0000850 -0.0001778 0.0002693 -0.0001992 0.0002684 -0.0015072 0.0008801 
-0.0011585 0.0003814 0.0001088 -0.0002977 0.0001258 -0.0003017 0.0012572 -0.0011949 
0.0010387 -0.0006210 -0.0000311 0.0003113 -0.0000422 0.0003189 -0.0009395 0.0014435 
-0.0008512 0.0008430 -0.0000414 -0.0003083 -0.0000342 -0.0003157 0.0005759 -0.0016139 
0.0006443 -0.0010190 0.0001112 0.0002849 0.0001082 0.0002896 -0.0001910 0.0016923 
-0.0003923 0.0011178 -0.0001776 -0.0002471 -0.0001757 -0.0002495 -0.0002042 -0.0016828 
0.0000977 -0.0011712 0.0002257 0.0001968 0.0002235 0.0001957 0.0005764 0.0015765 
0.0001608 0.0011763 -0.0002622 -0.0001327 -0.0002600 -0.0001296 -0.0009180 -0.0013860 
-0.0004266 -0.0010639 0.0002846 0.0000659 0.0002805 0.0000622 0.0012009 0.0011407 
0.0006742 0.0009364 -0.0002849 0.0000025 -0.0002786 0.0000072 -0.0014173 -0.0008307 
-0.0008430 -0.0007482 0.0002716 -0.0000727 0.0002639 -0.0000788 0.0015587 0.0004805 
0.0009900 0.0005149 -0.0002443 0.0001308 -0.0002324 0.0001349 -0.0016192 -0.0001146 
-0.0010730 -0.0002869 0.0002009 -0.0001815 0.0001851 -0.0001829 0.0015905 -0.0002550 
0.0010821 0.0000343 -0.0001497 0.0002247 -0.0001322 0.0002206 -0.0014842 0.0006065 
-0.0010570 0.0002384 0.0000911 -0.0002461 0.0000726 -0.0002363 0.0012924 -0.0009151 
0.0009795 -0.0004479 -0.0000265 0.0002565 -0.0000096 0.0002415 -0.0010405 0.0011821 
-0.0008085 0.0006691 -0.0000347 -0.0002523 -0.0000468 -0.0002327 0.0007492 -0.0013679 
0.0006409 -0.0008372 0.0000919 0.0002288 0.0000989 0.0002064 -0.0004151 0.0014864 
-0.0004150 0.0009338 -0.0001438 -0.0001966 -0.0001466 -0.0001734 0.0000728 -0.0015327 
0.0001777 -0.0010002 0.0001808 0.0001539 0.0001766 0.0001295 0.0002677 0.0014992 
0.0000424 0.0009956 -0.0002066 -0.0001022 -0.0001975 -0.0000771 -0.0005911 -0.0013928 
-0.0002675 -0.0009295 0.0002245 0.0000495 0.0002082 0.0000267 0.0008783 0.0012192 
0.0004916 0.0008476 -0.0002214 0.0000055 -0.0001985 0.0000247 -0.0011193 -0.0009801 
-0.0006344 -0.0007079 0.0002094 -0.0000595 0.0001825 -0.0000719 0.0013093 0.0006999 
0.0007950 0.0005071 -0.0001855 0.0001053 -0.0001566 0.0001093 -0.0014099 -0.0003955 
-0.0008864 -0.0003282 0.0001478 -0.0001435 0.0001196 -0.0001395 0.0014478 0.0000694 
0.0009065 0.0000966 -0.0001071 0.0001731 -0.0000826 0.0001636 -0.0014209 0.0002480 
-0.0009030 0.0001209 0.0000607 -0.0001866 0.0000394 -0.0001705 0.0013211 -0.0005444 
0.0008250 -0.0003099 -0.0000123 0.0001898 0.0000065 0.0001706 -0.0011633 0.0008156 
-0.0007063 0.0004941 -0.0000316 -0.0001860 -0.0000449 -0.0001627 0.0009546 -0.0010391 
0.0005869 -0.0006472 0.0000737 0.0001656 0.0000817 0.0001387 -0.0006937 0.0012194 
-0.0004117 0.0007216 -0.0001104 -0.0001395 -0.0001114 -0.0001127 0.0004129 -0.0013432 
0.0002128 -0.0008143 0.0001360 0.0001079 0.0001293 0.0000822 -0.0001093 0.0013822 
-0.0000398 0.0008337 -0.0001548 -0.0000659 -0.0001410 -0.0000439 -0.0001947 -0.0013624 
-0.0001682 -0.0007953 0.0001635 0.0000276 0.0001464 0.0000124 0.0004840 0.0012833 
0.0003453 0.0007367 -0.0001583 0.0000127 -0.0001379 0.0000231 -0.0007434 -0.0011409 
-0.0004946 -0.0006143 0.0001453 -0.0000504 0.0001257 -0.0000579 0.0009655 0.0009493 
0.0006290 0.0004636 -0.0001279 0.0000788 -0.0001083 0.0000821 -0.0011368 -0.0007176 
-0.0007137 -0.0003252 0.0001008 -0.0001052 0.0000799 -0.0001047 0.0012689 0.0004495 
0.0007355 0.0001374 -0.0000705 0.0001241 -0.0000519 0.0001192 -0.0013397 -0.0001707 
-0.0007691 0.0000393 0.0000402 -0.0001325 0.0000234 -0.0001222 0.0013328 -0.0001272 
0.0007282 -0.0001933 -0.0000029 0.0001354 0.0000106 0.0001206 -0.0012678 0.0004126 
-0.0006513 0.0003725 -0.0000265 -0.0001307 -0.0000326 -0.0001150 0.0011488 -0.0006794 
0.0005563 -0.0005023 0.0000564 0.0001142 0.0000589 0.0000976 -0.0009676 0.0009063 
-0.0004083 0.0006173 -0.0000809 -0.0000941 -0.0000828 -0.0000799 0.0007466 -0.0010883 
0.0002452 -0.0007026 0.0000938 0.0000723 0.0000932 0.0000589 -0.0004947 0.0012189 
-0.0000932 0.0007265 -0.0001072 -0.0000450 -0.0001051 -0.0000307 0.0002171 -0.0013043 
-0.0000923 -0.0007122 0.0001124 0.0000182 0.0001087 0.0000063 0.0000629 0.0013196 
0.0002393 0.0006870 -0.0001085 0.0000059 -0.0001010 0.0000174 -0.0003573 -0.0012723 
-0.0003814 -0.0006036 0.0001035 -0.0000343 0.0000923 -0.0000443 0.0006272 0.0011613 
0.0005123 0.0005000 -0.0000912 0.0000540 -0.0000794 0.0000581 -0.0008726 -0.0009998 
-0.0006061 -0.0003716 0.0000711 -0.0000723 0.0000577 -0.0000748 0.0010623 0.0007803 
0.0006829 0.0002273 -0.0000496 0.0000875 -0.0000390 0.0000894 -0.0012056 -0.0005194 
-0.0007239 -0.0000550 0.0000290 -0.0000881 0.0000198 -0.0000882 0.0012919 0.0002459 
0.0007042 -0.0000909 -0.0000062 0.0000923 0.0000055 0.0000922 -0.0013160 0.0000437 
-0.0006596 0.0002681 -0.0000147 -0.0000889 -0.0000255 -0.0000866 0.0012743 -0.0003209 
0.0005956 -0.0003921 0.0000316 0.0000788 0.0000429 0.0000726 -0.0011692 0.0006059 
-0.0004764 0.0005070 -0.0000516 -0.0000709 -0.0000623 -0.0000601 0.0010046 -0.0008543 
0.0003620 -0.0006048 0.0000620 0.0000558 0.0000664 0.0000431 -0.0007954 0.0010588 
-0.0002182 0.0006658 -0.0000731 -0.0000361 -0.0000749 -0.0000205 0.0005328 -0.0012010 
0.0000736 -0.0007163 0.0000798 0.0000162 0.0000806 0.0000053 -0.0002370 0.0012925 
0.0000914 0.0007111 -0.0000738 0.0000010 -0.0000710 0.0000103 -0.0000528 -0.0013137 
-0.0002365 -0.0006696 0.0000707 -0.0000192 0.0000679 -0.0000311 0.0003389 0.0012618 
0.0003919 0.0006013 -0.0000638 0.0000341 -0.0000584 0.0000432 -0.0006093 -0.0011489 
-0.0005166 -0.0005031 0.0000477 -0.0000449 0.0000387 -0.0000531 0.0008532 0.0009853 
0.0005980 0.0003728 -0.0000409 0.0000569 -0.0000283 0.0000651 -0.0010630 -0.0007566 
-0.0006723 -0.0002279 0.0000244 -0.0000608 0.0000097 -0.0000609 0.0012022 0.0005112 
0.0007113 0.0000777 -0.0000069 0.0000646 0.0000100 0.0000609 -0.0012742 -0.0002139 
-0.0007128 0.0000687 -0.0000101 -0.0000659 -0.0000198 -0.0000602 0.0012972 -0.0000949 
0.0006825 -0.0002245 0.0000256 0.0000543 0.0000298 0.0000448 -0.0012360 0.0003803 
-0.0006138 0.0003637 -0.0000387 -0.0000439 -0.0000433 -0.0000371 0.0011059 -0.0006467 
0.0005239 -0.0004984 0.0000462 0.0000350 0.0000470 0.0000270 -0.0009248 0.0008743 
-0.0003917 0.0006073 -0.0000501 -0.0000155 -0.0000492 -0.0000059 0.0007006 -0.0010564 
0.0002464 -0.0006644 0.0000540 0.0000088 0.0000547 -0.0000010 -0.0004309 0.0012007 
-0.0000836 0.0007044 -0.0000494 0.0000068 -0.0000422 0.0000178 0.0001637 -0.0012516 
-0.0000708 -0.0007134 0.0000466 -0.0000206 0.0000368 -0.0000315 0.0001442 0.0012468 
0.0002140 0.0006581 -0.0000428 0.0000322 -0.0000325 0.0000329 -0.0004352 -0.0011919 
-0.0003562 -0.0006072 0.0000245 -0.0000438 0.0000127 -0.0000381 0.0006766 0.0010442 
0.0004737 0.0005007 -0.0000122 0.0000478 -0.0000060 0.0000420 -0.0009048 -0.0008477 
-0.0005798 -0.0003834 0.0000017 -0.0000466 -0.0000024 -0.0000355 0.0010645 0.0006167 
0.0006623 0.0002424 0.0000185 0.0000444 0.0000217 0.0000329 -0.0011604 -0.0003487 
-0.0006796 -0.0000830 -0.0000215 -0.0000369 -0.0000211 -0.0000314 0.0012257 0.0000716 
0.0006912 -0.0000939 0.0000314 0.0000256 0.0000313 0.0000151 -0.0011811 0.0001953 
-0.0006613 0.0002416 -0.0000393 -0.0000164 -0.0000383 -0.0000083 0.0011053 -0.0004835 
0.0005362 -0.0003738 0.0000401 0.0000117 0.0000300 0.0000035 -0.0009806 0.0007195 
-0.0004640 0.0004883 -0.0000455 0.0000091 -0.0000294 0.0000183 0.0007601 -0.0009043 
0.0003089 -0.0005798 0.0000396 -0.0000204 0.0000245 -0.0000187 -0.0005310 0.0010674 
-0.0001743 0.0006285 -0.0000311 0.0000281 -0.0000145 0.0000212 0.0002594 -0.0011432 
0.0000274 -0.0006614 0.0000214 -0.0000440 0.0000079 -0.0000346 0.0000112 0.0011616 
0.0001365 0.0006391 -0.0000073 0.0000381 -0.0000035 0.0000244 -0.0002666 -0.0011418 
-0.0002954 -0.0005968 -0.0000084 -0.0000391 -0.0000128 -0.0000294 0.0005114 0.0010152 
0.0004188 0.0005007 0.0000179 0.0000376 0.0000147 0.0000297 -0.0007575 -0.0008867 
-0.0005288 -0.0003453 -0.0000206 -0.0000281 -0.0000178 -0.0000123 0.0009151 0.0007088 
0.0005922 0.0002315 0.0000366 0.0000261 0.0000353 0.0000083 -0.0010431 -0.0004404 
-0.0006254 -0.0000409 -0.0000404 -0.0000147 -0.0000273 -0.0000012 0.0011377 0.0001936 
0.0006230 -0.0001094 0.0000404 -0.0000028 0.0000242 -0.0000138 -0.0011284 0.0000839 
-0.0005689 0.0002198 -0.0000484 0.0000077 -0.0000319 0.0000128 0.0010724 -0.0003521 
0.0005049 -0.0003915 0.0000301 -0.0000278 0.0000086 -0.0000213 -0.0009775 0.0005462 
-0.0004190 0.0004861 -0.0000219 0.0000391 -0.0000115 0.0000306 0.0007784 -0.0007744 
0.0002650 -0.0005764 0.0000127 -0.0000444 0.0000079 -0.0000255 -0.0006222 0.0009416 
-0.0000838 0.0006579 0.0000071 0.0000359 0.0000159 0.0000212 0.0004048 -0.0010250 
-0.0000849 -0.0006344 -0.0000110 -0.0000382 -0.0000182 -0.0000325 -0.0001118 0.0011046 
0.0002737 0.0006247 0.0000178 0.0000345 0.0000228 0.0000181 -0.0001233 -0.0011108 
-0.0004177 -0.0005281 -0.0000389 -0.0000238 -0.0000388 -0.0000062 0.0003922 0.0010312 
0.0005009 0.0004036 0.0000325 0.0000252 0.0000252 0.0000110 -0.0006368 -0.0009222 
-0.0006361 -0.0002792 -0.0000495 0.0000047 -0.0000295 0.0000265 0.0007672 0.0007420 
0.0006549 0.0001354 0.0000515 -0.0000141 0.0000302 -0.0000156 -0.0009596 -0.0005014 
-0.0007086 0.0000739 -0.0000448 0.0000272 -0.0000128 0.0000192 0.0010252 0.0003409 
0.0007582 -0.0002575 0.0000221 -0.0000528 0.0000007 -0.0000497 -0.0010338 -0.0001025 
-0.0006018 0.0004945 -0.0000134 0.0000424 -0.0000065 0.0000333 0.0010781 -0.0002117 
0.0005550 -0.0006528 -0.0000023 -0.0000441 -0.0000169 -0.0000359 -0.0010142 0.0003867 
-0.0003481 0.0007811 0.0000179 0.0000638 0.0000274 0.0000535 0.0008726 -0.0006380 
0.0001061 -0.0008404 -0.0000249 -0.0000274 -0.0000245 -0.0000089 -0.0007498 0.0008702 
0.0000648 0.0008557 0.0000555 0.0000442 0.0000702 0.0000137 0.0004764 -0.0009153 
-0.0002675 -0.0008159 -0.0000635 -0.0000353 -0.0000498 -0.0000039 -0.0002332 0.0010862 
0.0004816 0.0007348 0.0000656 0.0000105 0.0000432 -0.0000323 0.0000558 -0.0010262 
-0.0007143 -0.0007954 -0.0001079 0.0000296 -0.0000852 0.0000538 0.0001698 0.0009727 
0.0010014 0.0004911 0.0000644 -0.0000503 0.0000243 -0.0000412 -0.0004511 -0.0010157 
