%19-Mar-2019 16:16:19
%Comment: Enter a comment
%--------------------------------------------- 
%                   Setup 
%--------------------------------------------- 
%Number of measurements stored in this file: 1
%Center Frequency: 1.5GHz
%Center Frequency: 1.5GHz
%Number of Averages: 4 
%Start Pos: 0 degrees
%Stop Pos: 0 degrees
%Polarizations in order: VVVHHVHH 
%Columns of real and imaginary data. Col 1 = real, col 2 = imaginary. If more than 2 columns, odd columns are real and even columns are imaginary. 
%Az: 0 ================== 
0.0010155 0.0003772 -0.0003024 -0.0000474 -0.0001992 -0.0003020 -0.0013430 0.0007600 
-0.0016344 -0.0005382 0.0001543 -0.0000442 0.0001200 0.0001781 0.0005887 -0.0012116 
0.0015005 0.0003430 -0.0001380 0.0001043 -0.0001512 -0.0001000 -0.0002983 0.0011721 
-0.0015262 0.0001370 0.0001157 -0.0000995 0.0001647 0.0000775 -0.0000900 -0.0011305 
0.0013671 -0.0003374 -0.0000471 0.0001096 -0.0001200 -0.0000364 0.0002878 0.0009448 
-0.0011481 0.0006201 0.0000407 -0.0001380 0.0001418 -0.0000120 -0.0004627 -0.0007241 
0.0008157 -0.0008861 -0.0000182 0.0001026 -0.0001272 0.0000073 0.0005195 0.0005403 
-0.0006711 0.0009495 -0.0000306 -0.0001079 0.0001022 -0.0000456 -0.0004993 -0.0004236 
0.0000953 -0.0008360 0.0000138 0.0001279 -0.0001257 0.0000976 0.0004303 0.0002980 
-0.0000422 0.0009497 -0.0000459 -0.0000647 0.0000766 -0.0000719 -0.0005394 -0.0000976 
-0.0000527 -0.0007310 0.0000739 0.0000561 -0.0000328 0.0000900 0.0004779 -0.0000148 
0.0003003 0.0007167 -0.0000606 -0.0000415 0.0000218 -0.0000919 -0.0004274 0.0001345 
-0.0003044 -0.0006250 0.0000686 -0.0000044 0.0000089 0.0000556 0.0003324 -0.0002290 
0.0004027 0.0004315 -0.0000745 -0.0000041 -0.0000273 -0.0000693 -0.0002081 0.0002419 
-0.0005632 -0.0002781 0.0000440 -0.0000103 0.0000171 0.0000547 0.0001345 -0.0002330 
0.0005015 0.0001809 -0.0000484 0.0000325 -0.0000357 -0.0000380 -0.0000931 0.0001506 
-0.0004691 0.0001672 0.0000511 -0.0000115 0.0000543 0.0000587 0.0000184 -0.0000681 
0.0004379 -0.0001288 -0.0000145 0.0000320 -0.0000381 -0.0000251 -0.0000177 0.0001467 
-0.0002458 0.0001741 0.0000152 -0.0000427 0.0000479 0.0000013 0.0000147 -0.0001052 
0.0002187 -0.0002471 -0.0000036 0.0000271 -0.0000429 0.0000019 0.0000141 0.0001119 
-0.0001490 0.0001707 -0.0000214 -0.0000316 0.0000180 -0.0000203 -0.0000264 -0.0000895 
0.0000266 -0.0001821 0.0000058 0.0000280 -0.0000253 0.0000240 0.0000236 0.0000578 
0.0000074 0.0002437 -0.0000139 -0.0000069 0.0000125 -0.0000130 -0.0000024 -0.0000610 
-0.0000241 -0.0001353 0.0000226 0.0000115 -0.0000013 0.0000186 -0.0000554 0.0000551 
0.0001887 0.0001480 0.0000016 -0.0000082 0.0000217 -0.0000197 0.0000754 -0.0000374 
-0.0001247 -0.0000864 0.0000097 -0.0000110 -0.0000025 0.0000073 -0.0000167 0.0000996 
0.0001297 -0.0000724 -0.0000127 0.0000023 -0.0000094 -0.0000156 0.0000078 -0.0001213 
-0.0001176 0.0000627 -0.0000019 -0.0000065 0.0000056 0.0000097 0.0000390 0.0001283 
0.0000062 -0.0001055 -0.0000043 0.0000188 -0.0000176 0.0000064 -0.0000719 -0.0001202 
0.0000213 0.0001675 -0.0000018 -0.0000008 0.0000127 -0.0000002 0.0000800 0.0001023 
-0.0000136 -0.0000994 0.0000155 0.0000049 -0.0000005 0.0000091 -0.0001199 -0.0000943 
0.0001303 0.0000909 -0.0000063 -0.0000040 0.0000012 -0.0000133 0.0001231 0.0001031 
-0.0000442 -0.0001490 0.0000100 -0.0000233 0.0000070 -0.0000125 -0.0001052 -0.0000795 
0.0001266 0.0000334 -0.0000161 0.0000081 -0.0000121 -0.0000044 0.0001846 0.0000086 
-0.0002118 -0.0000156 0.0000043 -0.0000093 0.0000048 0.0000069 -0.0001849 0.0000269 
0.0001746 -0.0000345 -0.0000050 0.0000196 -0.0000089 0.0000007 0.0001838 -0.0001012 
-0.0001865 0.0001217 0.0000075 -0.0000112 0.0000173 0.0000074 -0.0001555 0.0001436 
0.0001931 -0.0001517 0.0000093 0.0000159 -0.0000101 -0.0000001 0.0000983 -0.0001722 
-0.0000944 0.0001681 -0.0000079 -0.0000230 0.0000169 -0.0000117 -0.0000613 0.0001982 
0.0000495 -0.0002625 0.0000102 0.0000099 -0.0000153 0.0000114 0.0000278 -0.0001811 
-0.0000253 0.0001832 -0.0000294 -0.0000115 -0.0000048 -0.0000201 0.0000326 0.0001735 
-0.0000818 -0.0002021 0.0000198 0.0000117 -0.0000018 0.0000243 -0.0000798 -0.0001917 
0.0000824 0.0002287 -0.0000208 0.0000028 -0.0000012 -0.0000154 0.0001247 0.0001585 
-0.0001383 -0.0001556 0.0000269 -0.0000028 0.0000104 0.0000161 -0.0001744 -0.0001288 
0.0002046 0.0001582 -0.0000141 0.0000052 -0.0000021 -0.0000174 0.0002079 0.0000764 
-0.0001992 -0.0001344 0.0000182 -0.0000195 0.0000108 0.0000088 -0.0002117 -0.0000043 
0.0002183 0.0000147 -0.0000190 0.0000159 -0.0000192 -0.0000132 0.0002089 -0.0000427 
-0.0002613 0.0000133 0.0000060 -0.0000194 0.0000176 0.0000087 -0.0001594 0.0000855 
0.0001739 -0.0000739 -0.0000075 0.0000320 -0.0000266 0.0000093 0.0001256 -0.0001488 
-0.0001717 0.0001451 0.0000031 -0.0000220 0.0000254 -0.0000066 -0.0001106 0.0001597 
0.0001513 -0.0001400 0.0000110 0.0000221 -0.0000147 0.0000113 0.0000546 -0.0001803 
-0.0000836 0.0001654 -0.0000109 -0.0000235 0.0000131 -0.0000183 -0.0000188 0.0001908 
0.0000584 -0.0001986 0.0000140 0.0000101 -0.0000099 0.0000115 -0.0000409 -0.0001912 
-0.0000304 0.0001650 -0.0000231 -0.0000135 0.0000011 -0.0000179 0.0000939 0.0001739 
-0.0000677 -0.0001709 0.0000187 0.0000107 -0.0000031 0.0000211 -0.0001274 -0.0001401 
0.0000660 0.0001819 -0.0000210 0.0000014 -0.0000011 -0.0000171 0.0001607 0.0000754 
-0.0001279 -0.0000968 0.0000278 0.0000006 0.0000151 0.0000239 -0.0001877 -0.0000329 
0.0001662 0.0000776 -0.0000185 0.0000035 -0.0000130 -0.0000210 0.0001696 -0.0000004 
-0.0001368 -0.0000372 0.0000183 -0.0000156 0.0000180 0.0000088 -0.0001659 0.0000517 
0.0001362 -0.0000175 -0.0000180 0.0000147 -0.0000238 -0.0000063 0.0001391 -0.0000821 
-0.0001389 0.0000414 0.0000039 -0.0000182 0.0000157 -0.0000003 -0.0001184 0.0001206 
0.0000775 -0.0000629 -0.0000063 0.0000226 -0.0000191 0.0000078 0.0000863 -0.0001475 
-0.0000767 0.0001214 0.0000023 -0.0000170 0.0000182 -0.0000073 -0.0000426 0.0001571 
0.0000542 -0.0000928 0.0000071 0.0000190 -0.0000125 0.0000107 -0.0000150 -0.0001690 
0.0000225 0.0001453 -0.0000020 -0.0000216 0.0000196 -0.0000203 0.0000558 0.0001743 
-0.0000318 -0.0001375 0.0000094 0.0000126 -0.0000113 0.0000180 -0.0000847 -0.0001285 
0.0000637 0.0000922 -0.0000176 -0.0000113 -0.0000003 -0.0000204 0.0001177 0.0001068 
-0.0001082 -0.0000689 0.0000159 0.0000091 0.0000038 0.0000234 -0.0001319 -0.0000628 
0.0001173 0.0000479 -0.0000181 0.0000019 -0.0000105 -0.0000146 0.0001449 0.0000358 
-0.0001238 0.0000213 0.0000195 -0.0000017 0.0000165 0.0000142 -0.0001440 0.0000002 
0.0001438 -0.0000271 -0.0000129 0.0000058 -0.0000143 -0.0000099 0.0001381 -0.0000363 
-0.0000894 0.0000614 0.0000137 -0.0000133 0.0000168 0.0000031 -0.0001311 0.0000750 
0.0001030 -0.0001112 -0.0000121 0.0000094 -0.0000201 -0.0000055 0.0001109 -0.0001034 
-0.0000821 0.0001096 0.0000039 -0.0000134 0.0000159 -0.0000008 -0.0000706 0.0001228 
0.0000248 -0.0001374 -0.0000026 0.0000177 -0.0000168 0.0000097 0.0000428 -0.0001359 
0.0000027 0.0001608 -0.0000009 -0.0000141 0.0000165 -0.0000120 -0.0000009 0.0001406 
-0.0000388 -0.0001459 0.0000094 0.0000156 -0.0000067 0.0000182 -0.0000257 -0.0001302 
0.0001046 0.0001444 -0.0000098 -0.0000130 0.0000038 -0.0000208 0.0000554 0.0001165 
-0.0001087 -0.0001297 0.0000129 0.0000054 0.0000016 0.0000162 -0.0000809 -0.0000998 
0.0001442 0.0000714 -0.0000167 -0.0000043 -0.0000084 -0.0000153 0.0001036 0.0000850 
-0.0001735 -0.0000599 0.0000120 0.0000006 0.0000061 0.0000139 -0.0001174 -0.0000610 
0.0001646 0.0000269 -0.0000131 0.0000068 -0.0000110 -0.0000079 0.0001274 0.0000231 
-0.0001697 0.0000351 0.0000138 -0.0000072 0.0000163 0.0000066 -0.0001268 0.0000050 
0.0001851 -0.0000676 -0.0000081 0.0000101 -0.0000152 -0.0000040 0.0001258 -0.0000392 
-0.0001450 0.0001010 0.0000079 -0.0000155 0.0000180 -0.0000050 -0.0001047 0.0000606 
0.0001337 -0.0001556 -0.0000024 0.0000149 -0.0000171 0.0000080 0.0000855 -0.0000867 
-0.0000982 0.0001561 -0.0000054 -0.0000157 0.0000100 -0.0000126 -0.0000649 0.0001015 
0.0000386 -0.0001865 0.0000073 0.0000157 -0.0000064 0.0000178 0.0000427 -0.0001106 
-0.0000101 0.0001910 -0.0000113 -0.0000092 0.0000017 -0.0000137 -0.0000204 0.0001152 
-0.0000242 -0.0001744 0.0000170 0.0000065 0.0000060 0.0000147 -0.0000125 -0.0001166 
0.0000810 0.0001674 -0.0000153 -0.0000037 -0.0000073 -0.0000157 0.0000380 0.0001081 
-0.0001044 -0.0001646 0.0000154 -0.0000032 0.0000098 0.0000101 -0.0000623 -0.0001013 
0.0001343 0.0001131 -0.0000171 0.0000044 -0.0000162 -0.0000100 0.0000818 0.0000747 
-0.0001710 -0.0001031 0.0000137 -0.0000105 0.0000168 0.0000057 -0.0000990 -0.0000541 
0.0001649 0.0000545 -0.0000112 0.0000170 -0.0000181 0.0000030 0.0001058 0.0000303 
-0.0001862 -0.0000044 0.0000072 -0.0000176 0.0000195 -0.0000075 -0.0001066 -0.0000052 
0.0001690 -0.0000251 0.0000009 0.0000201 -0.0000123 0.0000136 0.0001019 -0.0000119 
-0.0001510 0.0000579 -0.0000057 -0.0000210 0.0000093 -0.0000192 -0.0000955 0.0000429 
0.0001322 -0.0001046 0.0000095 0.0000170 -0.0000068 0.0000190 0.0000832 -0.0000639 
-0.0001203 0.0001134 -0.0000158 -0.0000133 -0.0000019 -0.0000189 -0.0000683 0.0000765 
0.0000678 -0.0001327 0.0000171 0.0000106 0.0000046 0.0000209 0.0000412 -0.0000954 
-0.0000573 0.0001505 -0.0000202 -0.0000049 -0.0000092 -0.0000175 -0.0000201 0.0001031 
0.0000100 -0.0001348 0.0000236 0.0000001 0.0000169 0.0000153 -0.0000058 -0.0001021 
0.0000268 0.0001476 -0.0000208 0.0000058 -0.0000198 -0.0000123 0.0000330 0.0000942 
-0.0000506 -0.0001255 0.0000192 -0.0000137 0.0000232 0.0000030 -0.0000491 -0.0000816 
0.0000740 0.0000957 -0.0000167 0.0000181 -0.0000263 0.0000023 0.0000710 0.0000647 
-0.0000972 -0.0000760 0.0000096 -0.0000211 0.0000224 -0.0000072 -0.0000860 -0.0000475 
0.0000907 0.0000549 -0.0000034 0.0000244 -0.0000186 0.0000162 0.0000867 0.0000241 
-0.0000976 -0.0000165 -0.0000027 -0.0000231 0.0000154 -0.0000180 -0.0001002 0.0000033 
0.0000925 0.0000134 0.0000086 0.0000220 -0.0000088 0.0000207 0.0000937 -0.0000221 
-0.0000743 0.0000209 -0.0000138 -0.0000204 0.0000038 -0.0000249 -0.0000844 0.0000474 
0.0000737 -0.0000368 0.0000185 0.0000149 0.0000009 0.0000243 0.0000670 -0.0000687 
-0.0000527 0.0000481 -0.0000235 -0.0000095 -0.0000103 -0.0000238 -0.0000446 0.0000828 
0.0000249 -0.0000506 0.0000249 0.0000045 0.0000153 0.0000226 0.0000230 -0.0000936 
-0.0000111 0.0000580 -0.0000247 0.0000045 -0.0000194 -0.0000151 -0.0000009 0.0000974 
0.0000004 -0.0000297 0.0000241 -0.0000108 0.0000255 0.0000090 -0.0000268 -0.0000861 
0.0000223 0.0000286 -0.0000190 0.0000170 -0.0000246 -0.0000028 0.0000507 0.0000879 
-0.0000087 -0.0000140 0.0000135 -0.0000204 0.0000233 -0.0000052 -0.0000646 -0.0000672 
0.0000223 -0.0000048 -0.0000086 0.0000231 -0.0000230 0.0000106 0.0000830 0.0000497 
-0.0000123 0.0000065 0.0000012 -0.0000243 0.0000181 -0.0000142 -0.0000945 -0.0000271 
0.0000096 -0.0000139 0.0000057 0.0000253 -0.0000141 0.0000214 0.0001004 -0.0000007 
0.0000054 0.0000315 -0.0000103 -0.0000223 0.0000103 -0.0000226 -0.0000979 0.0000260 
-0.0000082 -0.0000291 0.0000180 0.0000186 -0.0000008 0.0000239 0.0000907 -0.0000470 
0.0000442 0.0000252 -0.0000221 -0.0000142 -0.0000052 -0.0000259 -0.0000681 0.0000737 
-0.0000453 -0.0000281 0.0000258 0.0000064 0.0000118 0.0000206 0.0000578 -0.0000887 
0.0000635 -0.0000035 -0.0000256 0.0000011 -0.0000183 -0.0000160 -0.0000281 0.0000943 
-0.0000699 0.0000106 0.0000241 -0.0000069 0.0000213 0.0000123 0.0000052 -0.0001008 
0.0000671 -0.0000394 -0.0000211 0.0000137 -0.0000220 -0.0000046 0.0000184 0.0000991 
-0.0000550 0.0000454 0.0000177 -0.0000192 0.0000246 -0.0000006 -0.0000464 -0.0000955 
0.0000525 -0.0000715 -0.0000121 0.0000217 -0.0000220 0.0000054 0.0000654 0.0000810 
-0.0000300 0.0000777 0.0000054 -0.0000260 0.0000191 -0.0000144 -0.0000814 -0.0000625 
0.0000105 -0.0001084 0.0000002 0.0000265 -0.0000174 0.0000181 0.0000999 0.0000367 
0.0000024 0.0001010 -0.0000085 -0.0000254 0.0000091 -0.0000218 -0.0001016 -0.0000171 
-0.0000440 -0.0001069 0.0000158 0.0000223 -0.0000026 0.0000256 0.0000984 -0.0000143 
0.0000621 0.0000961 -0.0000201 -0.0000172 -0.0000030 -0.0000244 -0.0000909 0.0000359 
-0.0000980 -0.0000778 0.0000244 0.0000111 0.0000110 0.0000218 0.0000774 -0.0000529 
0.0001117 0.0000480 -0.0000270 -0.0000057 -0.0000158 -0.0000205 -0.0000626 0.0000718 
-0.0001199 -0.0000262 0.0000260 -0.0000016 0.0000189 0.0000137 0.0000458 -0.0000818 
0.0001157 -0.0000081 -0.0000264 0.0000087 -0.0000249 -0.0000082 -0.0000233 0.0000869 
-0.0001235 0.0000331 0.0000233 -0.0000138 0.0000250 0.0000041 0.0000001 -0.0000949 
0.0001045 -0.0000523 -0.0000186 0.0000200 -0.0000255 0.0000055 0.0000180 0.0000840 
-0.0000932 0.0000833 0.0000137 -0.0000255 0.0000259 -0.0000120 -0.0000431 -0.0000729 
0.0000668 -0.0001008 -0.0000064 0.0000270 -0.0000205 0.0000168 0.0000566 0.0000566 
-0.0000404 0.0001175 -0.0000011 -0.0000283 0.0000147 -0.0000239 -0.0000633 -0.0000387 
0.0000029 -0.0001236 0.0000063 0.0000276 -0.0000105 0.0000261 0.0000684 0.0000212 
0.0000200 0.0001113 -0.0000138 -0.0000234 0.0000010 -0.0000264 -0.0000671 -0.0000050 
-0.0000573 -0.0000953 0.0000190 0.0000209 0.0000052 0.0000289 0.0000599 -0.0000108 
0.0000653 0.0000846 -0.0000223 -0.0000150 -0.0000102 -0.0000247 -0.0000581 0.0000240 
-0.0000764 -0.0000535 0.0000257 0.0000088 0.0000188 0.0000218 0.0000417 -0.0000337 
0.0000893 0.0000363 -0.0000289 -0.0000033 -0.0000236 -0.0000191 -0.0000291 0.0000463 
-0.0000897 -0.0000083 0.0000276 -0.0000044 0.0000263 0.0000110 0.0000138 -0.0000491 
0.0000871 -0.0000097 -0.0000263 0.0000116 -0.0000307 -0.0000034 0.0000036 0.0000451 
-0.0000836 0.0000375 0.0000225 -0.0000151 0.0000290 -0.0000018 -0.0000162 -0.0000387 
0.0000566 -0.0000498 -0.0000165 0.0000218 -0.0000266 0.0000124 0.0000214 0.0000270 
-0.0000343 0.0000720 0.0000122 -0.0000246 0.0000255 -0.0000174 -0.0000270 -0.0000133 
0.0000174 -0.0000634 -0.0000051 0.0000254 -0.0000176 0.0000214 0.0000268 0.0000083 
0.0000134 0.0000582 -0.0000012 -0.0000262 0.0000128 -0.0000275 -0.0000244 0.0000058 
-0.0000240 -0.0000514 0.0000064 0.0000264 -0.0000078 0.0000293 0.0000241 -0.0000139 
0.0000373 0.0000380 -0.0000135 -0.0000229 -0.0000016 -0.0000288 -0.0000191 0.0000224 
-0.0000396 -0.0000198 0.0000191 0.0000196 0.0000090 0.0000299 0.0000084 -0.0000307 
0.0000511 0.0000147 -0.0000205 -0.0000141 -0.0000139 -0.0000250 0.0000042 0.0000328 
-0.0000430 0.0000125 0.0000253 0.0000065 0.0000232 0.0000195 -0.0000189 -0.0000274 
0.0000457 -0.0000280 -0.0000255 -0.0000021 -0.0000256 -0.0000160 0.0000328 0.0000216 
-0.0000216 0.0000383 0.0000236 -0.0000058 0.0000273 0.0000054 -0.0000368 -0.0000097 
0.0000071 -0.0000577 -0.0000226 0.0000111 -0.0000303 0.0000004 0.0000420 -0.0000014 
0.0000094 0.0000532 0.0000195 -0.0000148 0.0000277 -0.0000058 -0.0000406 0.0000099 
-0.0000266 -0.0000489 -0.0000141 0.0000203 -0.0000243 0.0000147 0.0000368 -0.0000189 
0.0000441 0.0000308 0.0000092 -0.0000236 0.0000215 -0.0000201 -0.0000378 0.0000292 
-0.0000457 -0.0000193 -0.0000021 0.0000226 -0.0000134 0.0000230 0.0000292 -0.0000391 
0.0000578 0.0000053 -0.0000056 -0.0000246 0.0000066 -0.0000292 -0.0000164 0.0000544 
-0.0000592 0.0000025 0.0000098 0.0000215 -0.0000012 0.0000281 0.0000030 -0.0000618 
0.0000574 -0.0000229 -0.0000169 -0.0000168 -0.0000097 -0.0000262 0.0000157 0.0000607 
-0.0000613 0.0000393 0.0000208 0.0000134 0.0000144 0.0000252 -0.0000293 -0.0000579 
0.0000475 -0.0000522 -0.0000214 -0.0000072 -0.0000183 -0.0000184 0.0000401 0.0000466 
-0.0000287 0.0000613 0.0000242 0.0000001 0.0000250 0.0000123 -0.0000473 -0.0000343 
0.0000104 -0.0000724 -0.0000240 0.0000051 -0.0000266 -0.0000076 0.0000552 0.0000271 
0.0000114 0.0000638 0.0000194 -0.0000130 0.0000259 -0.0000024 -0.0000589 -0.0000136 
-0.0000245 -0.0000666 -0.0000180 0.0000191 -0.0000280 0.0000089 0.0000675 -0.0000013 
0.0000307 0.0000539 0.0000109 -0.0000217 0.0000223 -0.0000141 -0.0000704 0.0000130 
-0.0000454 -0.0000503 -0.0000040 0.0000264 -0.0000179 0.0000231 0.0000637 -0.0000345 
0.0000517 0.0000443 -0.0000018 -0.0000267 0.0000130 -0.0000250 -0.0000557 0.0000471 
-0.0000596 -0.0000282 0.0000098 0.0000229 -0.0000034 0.0000258 0.0000378 -0.0000574 
0.0000607 0.0000112 -0.0000168 -0.0000215 -0.0000037 -0.0000284 -0.0000206 0.0000624 
-0.0000701 0.0000045 0.0000208 0.0000170 0.0000089 0.0000256 0.0000076 -0.0000637 
0.0000572 -0.0000242 -0.0000277 -0.0000088 -0.0000187 -0.0000212 0.0000068 0.0000605 
-0.0000539 0.0000334 0.0000297 0.0000041 0.0000222 0.0000190 -0.0000179 -0.0000642 
0.0000401 -0.0000353 -0.0000285 0.0000057 -0.0000252 -0.0000099 0.0000277 0.0000598 
-0.0000336 0.0000419 0.0000291 -0.0000139 0.0000305 0.0000037 -0.0000464 -0.0000512 
0.0000286 -0.0000414 -0.0000244 0.0000201 -0.0000279 0.0000032 0.0000551 0.0000404 
-0.0000152 0.0000453 0.0000160 -0.0000272 0.0000248 -0.0000130 -0.0000620 -0.0000197 
0.0000021 -0.0000464 -0.0000104 0.0000312 -0.0000234 0.0000187 0.0000643 -0.0000018 
0.0000044 0.0000548 0.0000019 -0.0000316 0.0000161 -0.0000221 -0.0000597 0.0000150 
-0.0000204 -0.0000415 0.0000084 0.0000347 -0.0000092 0.0000290 0.0000504 -0.0000290 
0.0000266 0.0000398 -0.0000136 -0.0000310 0.0000048 -0.0000281 -0.0000468 0.0000351 
-0.0000298 -0.0000301 0.0000235 0.0000252 0.0000058 0.0000274 0.0000362 -0.0000387 
0.0000328 0.0000250 -0.0000292 -0.0000212 -0.0000108 -0.0000283 -0.0000246 0.0000509 
-0.0000292 -0.0000199 0.0000325 0.0000116 0.0000165 0.0000214 0.0000121 -0.0000563 
0.0000316 0.0000080 -0.0000363 -0.0000007 -0.0000245 -0.0000152 0.0000073 0.0000579 
-0.0000340 0.0000051 0.0000352 -0.0000063 0.0000265 0.0000111 -0.0000281 -0.0000552 
0.0000457 -0.0000052 -0.0000302 0.0000155 -0.0000266 -0.0000023 0.0000423 0.0000449 
-0.0000396 0.0000204 0.0000285 -0.0000240 0.0000298 -0.0000046 -0.0000535 -0.0000309 
0.0000341 -0.0000305 -0.0000203 0.0000263 -0.0000243 0.0000088 0.0000510 0.0000163 
-0.0000228 0.0000294 0.0000114 -0.0000328 0.0000199 -0.0000175 -0.0000490 -0.0000021 
0.0000082 -0.0000343 -0.0000054 0.0000335 -0.0000178 0.0000195 0.0000524 -0.0000099 
-0.0000037 0.0000321 -0.0000050 -0.0000314 0.0000085 -0.0000224 -0.0000480 0.0000233 
-0.0000122 -0.0000295 0.0000140 0.0000308 -0.0000019 0.0000267 0.0000433 -0.0000417 
0.0000265 0.0000332 -0.0000187 -0.0000245 -0.0000023 -0.0000239 -0.0000357 0.0000604 
-0.0000264 -0.0000297 0.0000245 0.0000162 0.0000106 0.0000207 0.0000155 -0.0000675 
0.0000409 0.0000190 -0.0000275 -0.0000124 -0.0000148 -0.0000202 0.0000033 0.0000728 
-0.0000489 -0.0000060 0.0000249 0.0000030 0.0000167 0.0000116 -0.0000249 -0.0000653 
0.0000472 -0.0000068 -0.0000260 0.0000044 -0.0000215 -0.0000066 0.0000486 0.0000542 
-0.0000426 0.0000305 0.0000214 -0.0000083 0.0000190 0.0000029 -0.0000576 -0.0000448 
0.0000361 -0.0000393 -0.0000157 0.0000146 -0.0000183 0.0000054 0.0000674 0.0000287 
-0.0000221 0.0000554 0.0000132 -0.0000182 0.0000189 -0.0000097 -0.0000787 -0.0000145 
0.0000158 -0.0000688 -0.0000058 0.0000174 -0.0000128 0.0000117 0.0000874 -0.0000009 
0.0000011 0.0000604 -0.0000016 -0.0000179 0.0000077 -0.0000166 -0.0000851 0.0000256 
-0.0000211 -0.0000684 0.0000030 0.0000146 -0.0000057 0.0000163 0.0000809 -0.0000475 
0.0000376 0.0000676 -0.0000089 -0.0000086 -0.0000031 -0.0000149 -0.0000634 0.0000724 
-0.0000559 -0.0000524 0.0000105 0.0000067 0.0000064 0.0000157 0.0000417 -0.0000953 
0.0000824 0.0000447 -0.0000087 -0.0000003 -0.0000088 -0.0000094 -0.0000195 0.0000984 
-0.0000874 -0.0000223 0.0000090 -0.0000043 0.0000136 0.0000067 -0.0000078 -0.0001018 
0.0001013 -0.0000019 -0.0000062 0.0000045 -0.0000139 -0.0000053 0.0000273 0.0001003 
-0.0001044 0.0000173 0.0000013 -0.0000086 0.0000125 -0.0000018 -0.0000456 -0.0000931 
0.0000865 -0.0000468 0.0000012 0.0000104 -0.0000136 0.0000060 0.0000705 0.0000802 
-0.0000833 0.0000718 -0.0000071 -0.0000058 0.0000092 -0.0000068 -0.0000886 -0.0000634 
0.0000687 -0.0000880 0.0000127 0.0000065 -0.0000054 0.0000135 0.0001090 0.0000394 
-0.0000389 0.0001038 -0.0000126 -0.0000016 0.0000041 -0.0000131 -0.0001226 -0.0000117 
0.0000244 -0.0001251 0.0000163 -0.0000047 0.0000040 0.0000127 0.0001183 -0.0000180 
0.0000072 0.0001198 -0.0000153 0.0000081 -0.0000064 -0.0000139 -0.0001082 0.0000501 
-0.0000385 -0.0001281 0.0000102 -0.0000138 0.0000076 0.0000097 0.0000939 -0.0000703 
0.0000557 0.0001154 -0.0000086 0.0000190 -0.0000132 -0.0000059 -0.0000703 0.0000845 
-0.0000919 -0.0000872 0.0000047 -0.0000197 0.0000145 0.0000041 0.0000499 -0.0001025 
0.0001135 0.0000712 0.0000044 0.0000232 -0.0000128 0.0000027 -0.0000234 0.0001091 
-0.0001207 -0.0000456 -0.0000070 -0.0000245 0.0000162 -0.0000065 -0.0000013 -0.0001189 
0.0001332 0.0000086 0.0000147 0.0000196 -0.0000121 0.0000080 0.0000288 0.0001179 
-0.0001392 0.0000041 -0.0000215 -0.0000183 0.0000090 -0.0000152 -0.0000587 -0.0001029 
0.0001237 -0.0000424 0.0000235 0.0000122 -0.0000071 0.0000154 0.0000841 0.0000844 
-0.0001239 0.0000694 -0.0000276 -0.0000030 0.0000003 -0.0000144 -0.0000960 -0.0000584 
0.0000987 -0.0000833 0.0000289 -0.0000019 0.0000043 0.0000173 0.0001012 0.0000260 
-0.0000702 0.0001152 -0.0000250 0.0000081 -0.0000063 -0.0000149 -0.0001056 -0.0000042 
0.0000497 -0.0001289 0.0000245 -0.0000169 0.0000127 0.0000106 0.0000990 -0.0000225 
-0.0000202 0.0001258 -0.0000209 0.0000183 -0.0000144 -0.0000112 -0.0000928 0.0000412 
-0.0000196 -0.0001329 0.0000129 -0.0000243 0.0000147 0.0000046 0.0000793 -0.0000573 
0.0000261 0.0001274 -0.0000090 0.0000270 -0.0000189 -0.0000011 -0.0000597 0.0000787 
-0.0000618 -0.0001044 0.0000017 -0.0000253 0.0000164 -0.0000018 0.0000384 -0.0000920 
0.0000822 0.0001014 0.0000072 0.0000262 -0.0000131 0.0000089 -0.0000107 0.0000916 
-0.0000901 -0.0000718 -0.0000105 -0.0000234 0.0000135 -0.0000120 -0.0000212 -0.0000870 
0.0001182 0.0000459 0.0000144 0.0000165 -0.0000089 0.0000124 0.0000368 0.0000795 
-0.0001226 -0.0000277 -0.0000188 -0.0000145 0.0000037 -0.0000170 -0.0000556 -0.0000623 
0.0001141 -0.0000047 0.0000164 0.0000099 -0.0000032 0.0000158 0.0000624 0.0000473 
-0.0001178 0.0000391 -0.0000188 -0.0000034 -0.0000036 -0.0000140 -0.0000666 -0.0000276 
0.0000999 -0.0000418 0.0000179 0.0000020 0.0000060 0.0000159 0.0000747 0.0000096 
-0.0000789 0.0000727 -0.0000139 0.0000022 -0.0000080 -0.0000112 -0.0000736 0.0000085 
0.0000719 -0.0000820 0.0000141 -0.0000068 0.0000136 0.0000069 0.0000647 -0.0000306 
-0.0000410 0.0000865 -0.0000111 0.0000060 -0.0000140 -0.0000062 -0.0000551 0.0000534 
0.0000219 -0.0001084 0.0000057 -0.0000066 0.0000124 0.0000011 0.0000383 -0.0000601 
-0.0000075 0.0001053 -0.0000073 0.0000068 -0.0000151 0.0000033 -0.0000188 0.0000674 
-0.0000230 -0.0000923 0.0000053 -0.0000023 0.0000111 -0.0000031 -0.0000015 -0.0000635 
0.0000529 0.0000969 -0.0000038 0.0000041 -0.0000083 0.0000086 0.0000201 0.0000574 
-0.0000505 -0.0000702 0.0000068 -0.0000032 0.0000087 -0.0000087 -0.0000319 -0.0000522 
0.0000780 0.0000491 -0.0000066 0.0000018 -0.0000038 0.0000087 0.0000413 0.0000428 
-0.0000751 -0.0000411 0.0000058 -0.0000054 -0.0000000 -0.0000126 -0.0000546 -0.0000291 
0.0000774 0.0000108 -0.0000089 0.0000061 0.0000001 0.0000105 0.0000657 0.0000192 
-0.0000918 -0.0000009 0.0000085 -0.0000054 -0.0000039 -0.0000079 -0.0000639 0.0000006 
0.0000846 -0.0000110 -0.0000078 0.0000116 0.0000063 0.0000095 0.0000629 -0.0000179 
-0.0000691 0.0000406 0.0000108 -0.0000130 -0.0000046 -0.0000046 -0.0000503 0.0000371 
0.0000733 -0.0000585 -0.0000057 0.0000157 0.0000083 0.0000019 0.0000407 -0.0000497 
-0.0000379 0.0000538 0.0000026 -0.0000209 -0.0000066 -0.0000026 -0.0000266 0.0000529 
0.0000214 -0.0000780 0.0000006 0.0000207 0.0000057 -0.0000017 0.0000111 -0.0000588 
-0.0000104 0.0000635 -0.0000089 -0.0000206 -0.0000085 0.0000035 -0.0000005 0.0000619 
-0.0000171 -0.0000638 0.0000135 0.0000211 0.0000052 -0.0000025 -0.0000088 -0.0000634 
0.0000177 0.0000660 -0.0000161 -0.0000170 -0.0000028 0.0000054 0.0000260 0.0000587 
-0.0000233 -0.0000524 0.0000241 0.0000128 0.0000045 -0.0000059 -0.0000410 -0.0000514 
0.0000482 0.0000372 -0.0000255 -0.0000110 0.0000005 0.0000040 0.0000568 0.0000386 
-0.0000533 -0.0000467 0.0000280 0.0000017 -0.0000013 -0.0000064 -0.0000669 -0.0000282 
0.0000441 0.0000076 -0.0000306 0.0000050 0.0000006 0.0000040 0.0000653 0.0000074 
-0.0000628 0.0000037 0.0000273 -0.0000110 -0.0000039 -0.0000027 -0.0000659 0.0000100 
0.0000431 -0.0000080 -0.0000236 0.0000215 0.0000040 0.0000057 0.0000643 -0.0000189 
-0.0000384 0.0000282 0.0000197 -0.0000260 -0.0000026 -0.0000023 -0.0000573 0.0000264 
0.0000376 -0.0000176 -0.0000108 0.0000279 0.0000049 0.0000008 0.0000519 -0.0000418 
-0.0000201 0.0000156 0.0000035 -0.0000326 -0.0000046 -0.0000026 -0.0000419 0.0000526 
0.0000137 -0.0000365 0.0000012 0.0000301 0.0000028 -0.0000019 0.0000277 -0.0000681 
-0.0000320 0.0000276 -0.0000116 -0.0000287 -0.0000054 0.0000020 -0.0000183 0.0000714 
-0.0000021 -0.0000220 0.0000180 0.0000274 0.0000028 -0.0000008 -0.0000064 -0.0000701 
0.0000016 0.0000383 -0.0000224 -0.0000192 -0.0000022 0.0000041 0.0000229 0.0000681 
-0.0000028 -0.0000213 0.0000303 0.0000130 0.0000056 -0.0000033 -0.0000323 -0.0000594 
0.0000157 0.0000217 -0.0000310 -0.0000058 -0.0000025 0.0000026 0.0000397 0.0000488 
0.0000008 -0.0000229 0.0000286 -0.0000046 0.0000011 -0.0000052 -0.0000500 -0.0000406 
-0.0000068 0.0000084 -0.0000285 0.0000109 -0.0000031 0.0000049 0.0000567 0.0000285 
-0.0000135 -0.0000128 0.0000213 -0.0000150 -0.0000016 -0.0000044 -0.0000681 -0.0000180 
-0.0000028 0.0000373 -0.0000163 0.0000221 0.0000019 0.0000072 0.0000674 0.0000080 
-0.0000045 -0.0000079 0.0000121 -0.0000242 -0.0000012 -0.0000049 -0.0000671 0.0000162 
0.0000257 0.0000217 -0.0000032 0.0000243 0.0000053 0.0000042 0.0000624 -0.0000314 
-0.0000112 -0.0000196 -0.0000029 -0.0000276 -0.0000045 -0.0000076 -0.0000498 0.0000406 
0.0000233 0.0000063 0.0000084 0.0000235 0.0000048 0.0000036 0.0000347 -0.0000495 
-0.0000264 -0.0000231 -0.0000169 -0.0000178 -0.0000078 -0.0000018 -0.0000244 0.0000510 
0.0000157 0.0000244 0.0000193 0.0000150 0.0000074 0.0000033 0.0000127 -0.0000529 
-0.0000320 -0.0000006 -0.0000197 -0.0000051 -0.0000074 0.0000028 -0.0000064 0.0000615 
0.0000523 0.0000181 0.0000215 0.0000001 0.0000100 -0.0000038 -0.0000058 -0.0000531 
-0.0000291 0.0000089 -0.0000190 0.0000034 -0.0000071 0.0000041 0.0000255 0.0000552 
0.0000486 -0.0000271 0.0000162 -0.0000101 0.0000062 -0.0000082 -0.0000334 -0.0000484 
-0.0000358 0.0000255 -0.0000154 0.0000125 -0.0000081 0.0000076 0.0000430 0.0000322 
0.0000228 -0.0000457 0.0000099 -0.0000146 0.0000031 -0.0000084 -0.0000476 -0.0000189 
-0.0000264 0.0000468 -0.0000038 0.0000192 -0.0000008 0.0000115 0.0000445 0.0000050 
0.0000156 -0.0000339 0.0000012 -0.0000176 0.0000016 -0.0000102 -0.0000424 0.0000038 
0.0000146 0.0000536 0.0000074 0.0000154 0.0000053 0.0000106 0.0000413 -0.0000046 
0.0000049 -0.0000565 -0.0000097 -0.0000135 -0.0000065 -0.0000111 -0.0000290 0.0000132 
0.0000347 0.0000310 0.0000106 0.0000092 0.0000075 0.0000079 0.0000341 -0.0000247 
-0.0000506 -0.0000473 -0.0000143 -0.0000055 -0.0000117 -0.0000061 -0.0000298 0.0000280 
0.0000426 0.0000199 0.0000124 0.0000042 0.0000098 0.0000066 0.0000141 -0.0000337 
-0.0000603 -0.0000045 -0.0000120 0.0000001 -0.0000107 -0.0000008 -0.0000035 0.0000384 
0.0000474 -0.0000005 0.0000141 -0.0000036 0.0000131 -0.0000018 -0.0000087 -0.0000308 
-0.0000283 0.0000231 -0.0000117 0.0000047 -0.0000105 0.0000014 0.0000150 0.0000263 
0.0000405 -0.0000414 0.0000088 -0.0000109 0.0000101 -0.0000083 -0.0000085 -0.0000194 
-0.0000245 0.0000163 -0.0000067 0.0000116 -0.0000100 0.0000091 0.0000189 0.0000084 
0.0000011 -0.0000502 0.0000021 -0.0000098 0.0000053 -0.0000090 -0.0000186 -0.0000128 
-0.0000099 0.0000506 -0.0000002 0.0000126 -0.0000038 0.0000130 0.0000200 0.0000108 
-0.0000156 -0.0000343 -0.0000006 -0.0000085 0.0000034 -0.0000090 -0.0000213 -0.0000005 
0.0000239 0.0000411 0.0000028 0.0000078 0.0000017 0.0000094 0.0000232 -0.0000072 
-0.0000289 -0.0000183 -0.0000043 -0.0000101 -0.0000039 -0.0000115 -0.0000186 0.0000163 
0.0000476 -0.0000066 0.0000052 0.0000075 0.0000034 0.0000074 0.0000146 -0.0000206 
-0.0000475 -0.0000020 -0.0000092 -0.0000063 -0.0000085 -0.0000075 -0.0000013 0.0000136 
0.0000207 -0.0000233 0.0000100 0.0000051 0.0000084 0.0000073 -0.0000073 -0.0000210 
-0.0000429 0.0000342 -0.0000083 -0.0000009 -0.0000072 -0.0000025 0.0000054 0.0000131 
0.0000244 -0.0000236 0.0000113 -0.0000005 0.0000111 0.0000017 -0.0000037 -0.0000103 
-0.0000068 0.0000461 -0.0000071 0.0000003 -0.0000052 -0.0000020 0.0000097 0.0000075 
0.0000070 -0.0000387 0.0000071 -0.0000028 0.0000061 -0.0000028 -0.0000101 -0.0000110 
0.0000182 0.0000442 -0.0000099 0.0000034 -0.0000084 0.0000038 0.0000170 0.0000105 
-0.0000376 -0.0000521 0.0000066 -0.0000042 0.0000029 -0.0000025 -0.0000214 -0.0000031 
0.0000321 0.0000333 -0.0000080 0.0000086 -0.0000051 0.0000069 0.0000142 -0.0000111 
-0.0000562 -0.0000141 0.0000068 -0.0000107 0.0000061 -0.0000054 -0.0000194 0.0000114 
0.0000468 0.0000183 -0.0000016 0.0000100 -0.0000012 0.0000045 0.0000072 -0.0000138 
-0.0000435 0.0000044 0.0000007 -0.0000129 0.0000020 -0.0000076 -0.0000033 0.0000115 
0.0000443 -0.0000178 0.0000008 0.0000094 -0.0000024 0.0000018 -0.0000026 -0.0000150 
-0.0000320 0.0000269 -0.0000039 -0.0000087 -0.0000016 -0.0000030 -0.0000051 0.0000133 
0.0000331 -0.0000296 0.0000049 0.0000122 0.0000013 0.0000072 0.0000048 -0.0000098 
-0.0000335 0.0000454 -0.0000058 -0.0000075 0.0000011 -0.0000008 0.0000044 0.0000190 
0.0000110 -0.0000285 0.0000103 0.0000096 0.0000028 0.0000054 -0.0000129 -0.0000132 
-0.0000004 0.0000483 -0.0000131 -0.0000071 -0.0000022 -0.0000061 0.0000138 0.0000220 
0.0000057 -0.0000280 0.0000130 0.0000007 0.0000015 0.0000021 -0.0000163 -0.0000062 
0.0000164 0.0000209 -0.0000160 -0.0000001 -0.0000055 -0.0000046 0.0000142 -0.0000030 
-0.0000096 -0.0000213 0.0000115 -0.0000035 -0.0000005 0.0000039 -0.0000160 0.0000069 
0.0000148 0.0000131 -0.0000104 0.0000075 -0.0000024 0.0000002 0.0000093 0.0000025 
-0.0000035 -0.0000261 0.0000117 -0.0000080 0.0000075 0.0000013 -0.0000008 -0.0000001 
0.0000072 0.0000209 -0.0000074 0.0000078 -0.0000014 -0.0000035 0.0000117 -0.0000069 
0.0000047 -0.0000166 0.0000082 -0.0000129 0.0000065 -0.0000023 -0.0000115 0.0000082 
0.0000044 0.0000200 -0.0000065 0.0000154 -0.0000087 0.0000011 0.0000116 -0.0000054 
-0.0000065 -0.0000269 -0.0000029 -0.0000156 0.0000021 -0.0000020 -0.0000074 0.0000130 
-0.0000054 0.0000270 0.0000016 0.0000175 -0.0000065 0.0000069 -0.0000105 -0.0000041 
-0.0000119 -0.0000254 -0.0000077 -0.0000126 0.0000028 -0.0000006 0.0000079 0.0000115 
0.0000215 0.0000274 0.0000107 0.0000091 0.0000017 0.0000025 0.0000044 0.0000015 
-0.0000297 -0.0000405 -0.0000102 -0.0000100 0.0000005 -0.0000087 0.0000034 -0.0000127 
0.0000426 0.0000387 0.0000108 0.0000053 -0.0000014 0.0000021 -0.0000005 0.0000020 
-0.0000477 -0.0000381 -0.0000146 -0.0000043 -0.0000047 -0.0000053 -0.0000041 -0.0000031 
0.0000618 0.0000239 0.0000155 0.0000043 0.0000023 0.0000080 0.0000091 0.0000001 
-0.0000609 -0.0000076 -0.0000162 0.0000056 -0.0000033 0.0000014 -0.0000063 0.0000055 
0.0000668 0.0000039 0.0000179 -0.0000042 0.0000085 0.0000040 0.0000107 0.0000129 
-0.0000578 0.0000175 -0.0000114 0.0000110 -0.0000007 0.0000023 0.0000017 -0.0000010 
0.0000610 -0.0000397 0.0000078 -0.0000141 0.0000022 -0.0000065 0.0000177 -0.0000050 
-0.0000704 0.0000344 -0.0000080 0.0000124 -0.0000081 0.0000033 -0.0000262 -0.0000032 
0.0000599 -0.0000651 0.0000007 -0.0000138 -0.0000023 -0.0000042 0.0000034 -0.0000126 
-0.0000545 0.0000623 -0.0000013 0.0000148 -0.0000026 0.0000077 -0.0000126 0.0000169 
0.0000357 -0.0000730 0.0000022 -0.0000142 0.0000046 -0.0000019 0.0000058 -0.0000157 
-0.0000084 0.0000818 0.0000084 0.0000167 0.0000062 0.0000048 0.0000074 0.0000211 
0.0000043 -0.0000805 -0.0000061 -0.0000158 -0.0000003 -0.0000077 0.0000148 -0.0000168 
0.0000276 0.0000582 0.0000130 0.0000093 0.0000071 -0.0000019 0.0000091 0.0000072 
-0.0000511 -0.0000594 -0.0000169 -0.0000043 -0.0000108 0.0000010 -0.0000035 -0.0000307 
0.0000131 0.0000587 0.0000130 0.0000052 0.0000042 0.0000044 -0.0000080 0.0000288 
-0.0000524 -0.0000521 -0.0000147 0.0000047 -0.0000056 0.0000098 -0.0000214 -0.0000080 
0.0000310 0.0000369 0.0000120 -0.0000039 0.0000050 -0.0000031 0.0000114 0.0000216 
-0.0000413 -0.0000316 -0.0000106 0.0000016 0.0000008 -0.0000002 -0.0000224 -0.0000154 
0.0000467 0.0000072 0.0000132 -0.0000115 0.0000007 -0.0000109 0.0000268 0.0000059 
-0.0000337 -0.0000048 -0.0000108 0.0000059 -0.0000015 0.0000013 -0.0000097 -0.0000245 
0.0000216 -0.0000103 0.0000036 -0.0000121 -0.0000077 -0.0000088 0.0000088 -0.0000001 
-0.0000238 0.0000058 0.0000012 0.0000156 0.0000050 0.0000108 -0.0000406 -0.0000248 
0.0000151 0.0000382 -0.0000009 -0.0000101 -0.0000002 0.0000011 0.0000276 0.0000351 
-0.0000276 -0.0000181 0.0000116 0.0000096 0.0000146 0.0000002 -0.0000221 0.0000059 
0.0000333 0.0000580 -0.0000072 -0.0000050 -0.0000031 0.0000010 0.0000490 0.0000078 
-0.0000331 -0.0000539 0.0000020 -0.0000016 -0.0000014 -0.0000112 -0.0000434 0.0000054 
0.0000508 0.0000170 -0.0000106 -0.0000074 -0.0000081 0.0000013 0.0000478 -0.0000267 
-0.0000491 -0.0000527 -0.0000008 0.0000000 -0.0000083 -0.0000048 -0.0000692 -0.0000094 
0.0000377 0.0000263 -0.0000044 0.0000034 -0.0000029 0.0000099 0.0000387 -0.0000285 
-0.0000716 -0.0000241 0.0000078 -0.0000086 0.0000053 -0.0000045 -0.0000858 0.0000560 
0.0001172 0.0000469 0.0000013 0.0000046 0.0000124 -0.0000037 0.0000887 -0.0000521 
-0.0001433 0.0000086 -0.0000033 -0.0000114 -0.0000092 -0.0000084 -0.0000325 0.0000892 
0.0001789 -0.0000117 0.0000058 0.0000054 0.0000079 -0.0000050 0.0000484 -0.0001092 
-0.0001750 0.0000631 -0.0000187 0.0000053 -0.0000209 0.0000128 -0.0000186 0.0001184 
0.0001233 -0.0001052 0.0000020 -0.0000013 -0.0000000 -0.0000025 -0.0000289 -0.0001488 
-0.0001449 0.0001189 -0.0000091 0.0000204 -0.0000023 0.0000287 0.0000015 0.0001503 
0.0000888 -0.0001286 0.0000086 -0.0000125 0.0000022 -0.0000068 -0.0000871 -0.0001163 
-0.0001015 0.0001988 -0.0000075 0.0000103 0.0000106 0.0000038 0.0001021 0.0001882 
0.0001447 -0.0002441 -0.0000025 -0.0000250 -0.0000232 -0.0000276 -0.0001280 -0.0001704 
-0.0000116 0.0003365 -0.0000016 0.0000154 0.0000103 0.0000067 0.0002258 0.0000561 
0.0000292 -0.0003631 -0.0000104 -0.0000214 -0.0000298 -0.0000076 -0.0002472 -0.0000797 
0.0000884 0.0003758 0.0000271 0.0000426 0.0000325 0.0000279 0.0002579 0.0000114 
-0.0002214 -0.0003377 -0.0000331 -0.0000013 -0.0000247 0.0000204 -0.0003275 0.0000950 
0.0002499 0.0002773 0.0000559 0.0000098 0.0000556 -0.0000161 0.0002804 -0.0000716 
-0.0002882 -0.0002145 -0.0000455 0.0000001 -0.0000194 0.0000241 -0.0002581 0.0002366 
0.0003553 0.0001742 0.0000312 -0.0000156 0.0000047 -0.0000468 0.0003108 -0.0002295 
-0.0004627 -0.0002931 -0.0000589 0.0000366 -0.0000435 0.0000639 -0.0002686 0.0003141 
0.0006411 0.0000955 0.0000248 -0.0000316 -0.0000138 -0.0000370 0.0001017 -0.0005123 
