%19-Mar-2019 13:46:00
%Comment: Enter a comment
%--------------------------------------------- 
%                   Setup 
%--------------------------------------------- 
%Number of measurements stored in this file: 1
%Center Frequency: 1.5GHz
%Center Frequency: 1.5GHz
%Number of Averages: 1 
%Start Pos: 0 degrees
%Stop Pos: 0 degrees
%Polarizations in order: VVVHHVHH 
%Columns of real and imaginary data. Col 1 = real, col 2 = imaginary. If more than 2 columns, odd columns are real and even columns are imaginary. 
%Az: 0 ================== 
-0.0000837 -0.0000129 -0.0000082 -0.0000143 -0.0000105 -0.0000088 -0.0000377 -0.0000566 
0.0000475 -0.0000006 0.0000023 0.0000015 0.0000064 0.0000009 -0.0000102 0.0000115 
-0.0000000 0.0000953 0.0000046 0.0000007 0.0000051 0.0000010 0.0000100 0.0000281 
0.0000357 -0.0000524 -0.0000061 -0.0000051 -0.0000087 -0.0000087 0.0000269 -0.0000289 
0.0000582 -0.0000089 0.0000056 -0.0000023 -0.0000018 -0.0000006 0.0000089 -0.0000201 
-0.0000314 -0.0000393 -0.0000014 -0.0000020 0.0000029 0.0000061 -0.0000015 -0.0000122 
-0.0000881 0.0000654 -0.0000035 0.0000001 -0.0000002 -0.0000028 -0.0000246 -0.0000259 
0.0002213 0.0000193 0.0000102 0.0000005 0.0000061 -0.0000064 0.0000605 0.0000390 
-0.0001067 -0.0000609 0.0000012 -0.0000057 -0.0000021 -0.0000029 -0.0000210 -0.0000644 
-0.0000529 0.0000006 -0.0000074 -0.0000081 -0.0000093 -0.0000057 0.0000078 0.0000698 
-0.0000612 0.0002215 0.0000007 0.0000068 0.0000027 0.0000047 0.0001056 -0.0000507 
0.0003334 0.0000405 0.0000110 0.0000080 0.0000092 0.0000078 -0.0000806 -0.0000660 
-0.0001630 -0.0002239 0.0000098 -0.0000219 0.0000106 -0.0000185 0.0000041 0.0000637 
0.0000518 0.0001012 -0.0000166 -0.0000004 -0.0000170 -0.0000110 0.0000703 0.0000131 
-0.0001376 0.0000969 0.0000097 0.0000121 0.0000021 0.0000212 0.0000009 -0.0000480 
0.0002062 -0.0000108 0.0000049 -0.0000120 0.0000137 -0.0000131 0.0000225 0.0000084 
-0.0001165 0.0000034 0.0000004 0.0000028 -0.0000054 -0.0000089 0.0000310 -0.0000118 
0.0001162 0.0000819 0.0000017 -0.0000001 -0.0000031 0.0000045 -0.0000052 -0.0000097 
-0.0000838 -0.0000385 0.0000064 -0.0000027 0.0000051 0.0000013 0.0000298 -0.0000156 
0.0001748 0.0000900 0.0000044 -0.0000037 0.0000078 -0.0000070 0.0000054 0.0000213 
-0.0001197 -0.0000840 -0.0000017 -0.0000039 -0.0000029 -0.0000019 -0.0000021 -0.0000130 
0.0001135 0.0000085 0.0000003 0.0000009 -0.0000010 -0.0000031 0.0000517 0.0000171 
-0.0003096 -0.0001084 0.0000024 0.0000052 0.0000000 0.0000036 -0.0000344 -0.0000110 
0.0001180 0.0004758 0.0000058 -0.0000005 0.0000049 0.0000018 0.0000033 0.0001096 
0.0001416 -0.0003733 0.0000103 0.0000023 0.0000056 0.0000042 0.0001724 -0.0000556 
-0.0001504 0.0002161 -0.0000044 -0.0000064 0.0000048 -0.0000069 -0.0001047 0.0000128 
-0.0002088 -0.0000410 -0.0000022 -0.0000006 0.0000036 -0.0000062 0.0001381 -0.0000001 
0.0004826 0.0006829 0.0000040 0.0000212 -0.0000058 0.0000085 -0.0000597 -0.0001502 
0.0003404 -0.0011419 0.0000363 -0.0000113 0.0000231 0.0000022 -0.0002014 0.0001208 
-0.0008653 0.0004067 -0.0000321 -0.0000412 -0.0000074 -0.0000375 0.0000835 0.0002907 
0.0001924 -0.0001374 -0.0000256 0.0000548 -0.0000429 0.0000356 0.0004022 -0.0001756 
-0.0001141 0.0006025 0.0000485 0.0000142 0.0000477 0.0000304 -0.0004166 -0.0001946 
0.0003673 -0.0006118 0.0000117 -0.0000361 0.0000236 -0.0000367 0.0000906 0.0003285 
-0.0003344 0.0003746 -0.0000370 -0.0000024 -0.0000326 -0.0000151 0.0000057 -0.0001893 
0.0002799 -0.0009181 0.0000109 0.0000351 -0.0000072 0.0000318 -0.0002453 0.0003191 
-0.0014576 0.0005320 -0.0000046 -0.0000262 0.0000179 -0.0000080 0.0003901 0.0002297 
0.0005030 0.0006647 -0.0000218 0.0000661 -0.0000367 0.0000358 0.0001779 -0.0003189 
0.0002692 0.0003379 0.0000824 -0.0000058 0.0000862 0.0000254 -0.0003102 -0.0000236 
0.0003466 -0.0006200 -0.0000352 -0.0000518 -0.0000106 -0.0000755 0.0000673 0.0001916 
-0.0004977 0.0001944 -0.0000204 0.0000424 -0.0000430 0.0000329 0.0000087 -0.0000526 
0.0002687 -0.0000794 0.0000219 0.0000141 0.0000243 0.0000211 -0.0000286 0.0001148 
-0.0002145 0.0000198 0.0000101 -0.0000124 0.0000166 -0.0000062 -0.0000018 -0.0000020 
-0.0000762 -0.0001757 -0.0000125 0.0000023 -0.0000133 -0.0000086 0.0000547 0.0000683 
-0.0001076 0.0003169 0.0000014 0.0000136 -0.0000006 0.0000202 -0.0000720 -0.0000114 
0.0000894 -0.0001910 -0.0000001 -0.0000041 0.0000129 -0.0000015 -0.0000136 0.0000693 
-0.0001325 0.0000113 -0.0000084 0.0000162 -0.0000102 0.0000001 0.0000141 0.0000216 
-0.0000257 -0.0000205 0.0000069 0.0000095 -0.0000034 0.0000110 -0.0000601 0.0000556 
-0.0000680 0.0000290 0.0000049 -0.0000041 0.0000117 0.0000164 -0.0000160 -0.0000150 
-0.0000097 -0.0001613 -0.0000113 -0.0000002 0.0000054 -0.0000095 -0.0000302 0.0000804 
-0.0001454 0.0000449 -0.0000110 0.0000142 -0.0000122 -0.0000010 -0.0000411 0.0000130 
-0.0000122 -0.0000366 0.0000080 0.0000108 -0.0000059 0.0000165 -0.0000646 0.0000128 
-0.0000832 -0.0001605 -0.0000021 -0.0000066 0.0000001 0.0000088 -0.0000240 0.0000718 
-0.0001207 0.0000766 -0.0000181 0.0000060 0.0000026 0.0000015 -0.0000476 0.0000526 
-0.0000829 -0.0000336 -0.0000030 0.0000099 -0.0000063 0.0000064 -0.0000221 -0.0000665 
0.0001119 -0.0000076 0.0000004 0.0000058 -0.0000042 0.0000102 -0.0001024 0.0000637 
-0.0000840 -0.0002250 -0.0000133 -0.0000074 0.0000005 -0.0000019 -0.0000571 0.0000476 
-0.0001424 0.0000641 -0.0000130 0.0000078 -0.0000114 0.0000075 -0.0000574 -0.0000494 
0.0000344 -0.0001886 -0.0000061 0.0000121 -0.0000104 0.0000139 -0.0000617 0.0000905 
-0.0000543 0.0000908 -0.0000069 -0.0000029 0.0000046 0.0000004 -0.0000566 -0.0000210 
-0.0000031 -0.0002167 -0.0000045 0.0000024 -0.0000049 0.0000023 -0.0000767 -0.0000495 
0.0000366 -0.0000055 -0.0000093 -0.0000017 -0.0000181 -0.0000014 -0.0000606 0.0000335 
0.0000750 -0.0002571 -0.0000161 -0.0000025 -0.0000095 0.0000106 -0.0001008 -0.0000461 
-0.0002023 -0.0001304 -0.0000089 0.0000026 0.0000001 0.0000093 -0.0001214 -0.0000854 
0.0000507 -0.0001350 -0.0000071 -0.0000003 -0.0000093 -0.0000080 -0.0000960 0.0000781 
-0.0001110 -0.0001114 -0.0000137 -0.0000118 -0.0000152 -0.0000067 -0.0001044 -0.0000409 
-0.0001177 0.0000755 -0.0000193 -0.0000101 -0.0000192 0.0000115 -0.0000773 -0.0000615 
0.0001898 -0.0000422 -0.0000141 0.0000104 -0.0000081 0.0000069 -0.0000642 0.0000164 
0.0004912 0.0001016 -0.0000112 -0.0000215 -0.0000038 -0.0000126 -0.0000905 -0.0000321 
0.0000065 -0.0010584 -0.0000250 0.0000011 -0.0000142 -0.0000067 0.0000224 -0.0001407 
-0.0003976 0.0001413 0.0000027 0.0000028 -0.0000364 -0.0000073 -0.0000520 -0.0001244 
-0.0002208 -0.0002256 -0.0000127 -0.0000274 -0.0000031 0.0000161 -0.0001712 -0.0001665 
0.0003691 0.0010191 -0.0000092 -0.0000177 0.0000035 -0.0000224 -0.0001429 -0.0001114 
0.0008149 -0.0015368 0.0000093 -0.0000424 -0.0000340 -0.0000180 0.0000656 0.0000044 
-0.0006112 0.0005218 -0.0001588 -0.0001750 -0.0000140 -0.0000167 -0.0001173 -0.0001767 
-0.0002961 -0.0012227 -0.0003607 0.0003435 0.0000143 -0.0000290 0.0002467 -0.0002502 
-0.0004114 0.0029374 0.0004664 0.0004555 -0.0001640 -0.0002050 -0.0004402 -0.0004947 
0.0026360 -0.0023053 0.0004699 -0.0002912 -0.0004441 0.0003995 -0.0001924 0.0006844 
-0.0013080 0.0031898 0.0000257 -0.0004489 0.0006137 0.0005555 0.0007352 -0.0000101 
0.0053365 -0.0067508 -0.0002088 -0.0001020 0.0005469 -0.0004840 0.0008534 -0.0001986 
-0.0117407 0.0081916 -0.0000615 -0.0000592 -0.0001455 -0.0004682 -0.0006999 0.0008507 
0.0366268 -0.0076313 0.0000050 0.0000788 -0.0000841 -0.0000373 0.0144019 0.0017738 
-0.0728416 -0.0471611 0.0000830 -0.0001127 -0.0001187 -0.0002677 -0.0197639 -0.0395298 
0.0148926 0.1342697 -0.0000151 0.0000918 -0.0001711 0.0001784 -0.0248642 0.0776176 
0.0914383 -0.0960121 0.0001640 -0.0000752 0.0002021 -0.0000064 0.0829811 -0.0539970 
-0.0821419 -0.0209198 -0.0002014 0.0002038 -0.0000890 0.0000664 -0.0814591 0.0320892 
-0.1012688 0.0710716 -0.0011771 0.0013149 -0.0002412 0.0006135 0.1629639 -0.0030289 
0.2268219 0.2437515 0.0051508 0.0111446 0.0014467 0.0058725 -0.0872726 -0.2185745 
0.2125397 -0.3887482 0.0331707 -0.0173683 0.0245132 -0.0040903 -0.2096939 0.1013947 
-0.2805634 -0.0754700 -0.0400810 -0.0498676 -0.0164204 -0.0510101 0.0690079 0.1549606 
-0.0791626 0.0360603 -0.0393791 0.0547657 -0.0588760 0.0365791 0.0886230 -0.0393906 
-0.0134888 0.1449509 0.0444698 0.0129128 0.0435715 0.0368385 -0.0345859 -0.0229569 
0.0656280 -0.0595932 -0.0036449 -0.0230351 0.0091419 -0.0306225 0.0217752 0.0089064 
-0.0362186 0.0334301 -0.0094981 0.0050449 -0.0143070 0.0028620 -0.0219250 -0.0082569 
0.0208216 -0.0071363 0.0000651 0.0055530 0.0008366 0.0057142 0.0114341 0.0102744 
0.0029479 -0.0028969 0.0045996 0.0020852 0.0040703 0.0036213 -0.0039773 -0.0011311 
-0.0128660 -0.0045409 0.0007179 -0.0014618 0.0028652 -0.0031503 0.0027542 0.0015168 
0.0015109 0.0064697 0.0009498 -0.0005448 -0.0003731 -0.0012579 0.0003548 -0.0002974 
-0.0020049 0.0007050 -0.0004234 -0.0005490 -0.0017673 0.0001053 -0.0009421 0.0018266 
0.0012260 0.0016679 -0.0006898 -0.0001626 0.0011033 0.0008860 0.0012647 -0.0005348 
-0.0007405 -0.0009912 0.0000307 0.0005896 -0.0003443 -0.0002901 -0.0019195 0.0008693 
-0.0017679 -0.0000669 -0.0005272 0.0003043 0.0003056 0.0003452 0.0007173 0.0033163 
-0.0007755 0.0031242 0.0006049 0.0010038 -0.0002128 -0.0000820 0.0024365 -0.0006665 
0.0011783 -0.0013112 0.0009056 -0.0004900 0.0003994 0.0008025 -0.0004436 -0.0009248 
-0.0008622 0.0001465 -0.0005321 -0.0004678 0.0005172 -0.0006506 -0.0013105 0.0007758 
-0.0017281 -0.0004286 -0.0002064 0.0003520 -0.0004217 -0.0000763 0.0005804 0.0014723 
-0.0009682 0.0022306 0.0000088 0.0002278 -0.0001109 0.0003897 0.0007202 -0.0001729 
0.0013573 -0.0000815 0.0002143 0.0003278 0.0002871 0.0001383 0.0000378 0.0004059 
-0.0011911 0.0009261 0.0002325 -0.0002678 0.0000960 0.0000413 0.0000581 -0.0004536 
0.0014409 -0.0003415 -0.0000869 0.0000725 0.0001716 -0.0000132 -0.0004594 0.0002278 
-0.0001678 -0.0003180 -0.0000141 -0.0001241 0.0000830 -0.0000737 -0.0001616 0.0005463 
-0.0007574 -0.0007352 -0.0001903 0.0000677 -0.0000760 -0.0002911 -0.0004678 0.0000060 
-0.0001861 0.0000002 -0.0000433 0.0002213 -0.0004340 0.0002892 0.0001101 0.0012377 
-0.0009016 0.0000635 0.0001002 0.0001252 0.0003002 0.0003471 0.0007863 -0.0000499 
-0.0001461 0.0001943 0.0000840 -0.0000230 0.0001854 -0.0001584 -0.0005921 -0.0006502 
-0.0002670 0.0001952 -0.0000222 0.0000204 -0.0000681 -0.0000675 -0.0002833 0.0010301 
-0.0000309 -0.0000098 -0.0000143 0.0000309 -0.0001647 0.0000505 0.0004113 0.0000355 
-0.0000775 0.0001752 0.0000255 0.0000196 0.0000979 0.0002228 -0.0004114 -0.0003668 
0.0001146 -0.0007939 -0.0000272 -0.0000021 0.0001258 -0.0000719 -0.0003477 0.0008967 
-0.0011082 0.0000980 -0.0000902 0.0000286 -0.0001485 -0.0000713 0.0002694 0.0000965 
-0.0000509 0.0003552 0.0000196 0.0001365 -0.0000145 0.0002178 -0.0000258 0.0002115 
-0.0001899 0.0001167 0.0000542 -0.0000175 0.0000958 0.0000351 0.0000793 0.0000573 
0.0000948 0.0001422 -0.0000548 0.0000354 0.0000376 -0.0000177 -0.0001996 0.0000722 
-0.0000399 -0.0001699 0.0000446 0.0000297 -0.0000040 0.0000129 -0.0000561 0.0001809 
-0.0001164 -0.0001262 -0.0000290 0.0000124 -0.0000379 0.0000200 -0.0000342 0.0002202 
-0.0002729 -0.0001542 0.0000026 0.0000111 0.0000263 0.0000697 0.0000529 0.0000064 
-0.0002185 0.0002614 -0.0000384 0.0000416 0.0000299 -0.0000015 -0.0003096 0.0001375 
0.0000340 -0.0002330 0.0000439 0.0000387 -0.0000228 0.0000026 0.0002902 0.0003155 
-0.0003088 0.0002603 -0.0000244 -0.0000298 -0.0000254 0.0000521 -0.0001257 -0.0002868 
0.0002595 -0.0001921 -0.0000146 0.0000526 0.0000569 0.0000608 -0.0002485 0.0002351 
-0.0004443 0.0000507 0.0000071 -0.0000086 0.0000213 -0.0000620 0.0000141 0.0001623 
0.0003420 -0.0001754 -0.0000207 0.0000424 -0.0000843 0.0000406 0.0000699 0.0001596 
-0.0006742 0.0002601 0.0000201 -0.0000101 0.0000588 0.0000703 -0.0001001 -0.0002014 
0.0010489 -0.0003559 -0.0000238 0.0000160 0.0000213 -0.0000300 0.0000025 0.0003523 
-0.0018290 -0.0005440 -0.0000072 -0.0000060 -0.0000303 -0.0000126 -0.0002327 -0.0005490 
0.0012720 0.0019235 -0.0000371 0.0000484 -0.0000393 0.0000489 -0.0002728 0.0012934 
0.0000446 -0.0023603 0.0000701 0.0000005 0.0000511 0.0000467 0.0009649 -0.0014390 
-0.0006976 0.0009982 -0.0000726 -0.0000518 -0.0000112 -0.0000524 -0.0019346 0.0015853 
-0.0012609 -0.0002283 -0.0000630 0.0000569 -0.0000433 0.0000465 0.0031512 -0.0004177 
0.0028101 0.0027670 0.0000224 0.0002087 -0.0000226 0.0001008 -0.0023530 -0.0023278 
-0.0000026 -0.0053649 0.0004718 -0.0001871 0.0003287 0.0000429 -0.0011333 0.0021929 
-0.0024434 0.0032909 -0.0006272 -0.0005601 -0.0002226 -0.0006358 0.0009355 0.0003521 
0.0017148 -0.0026715 -0.0001448 0.0008608 -0.0005744 0.0006690 0.0002428 -0.0002092 
-0.0028151 0.0020663 0.0004507 -0.0003592 0.0007035 0.0000229 -0.0007077 0.0004472 
0.0015574 -0.0000466 -0.0004061 0.0001186 -0.0003971 -0.0002278 0.0018005 -0.0001001 
0.0004131 0.0009637 0.0003327 0.0001542 0.0001938 0.0003557 -0.0018209 -0.0013925 
0.0008132 -0.0026015 -0.0000319 -0.0002698 0.0001223 -0.0003035 -0.0003951 0.0018499 
-0.0029259 0.0007544 -0.0002501 -0.0000338 -0.0002457 -0.0000506 0.0013152 0.0002454 
0.0015124 0.0013729 -0.0000883 0.0004500 -0.0001894 0.0003159 -0.0001257 -0.0008993 
-0.0002170 -0.0006622 0.0005105 -0.0001366 0.0005008 0.0001428 -0.0002331 0.0002923 
0.0003373 0.0000854 -0.0003117 -0.0002396 -0.0001274 -0.0004187 0.0001569 -0.0000565 
-0.0003173 0.0000950 0.0000163 0.0002356 -0.0001382 0.0002229 -0.0002674 -0.0001763 
0.0004593 -0.0001606 0.0000908 -0.0001045 0.0001286 -0.0000259 0.0001252 0.0001883 
-0.0000904 -0.0002893 -0.0000739 0.0000177 -0.0000591 -0.0000249 -0.0004853 -0.0001238 
-0.0005819 -0.0001577 0.0000183 -0.0000316 0.0000267 -0.0000031 0.0002868 0.0005344 
0.0002070 0.0004377 -0.0000786 0.0000513 -0.0000870 0.0000042 0.0002118 -0.0002058 
-0.0001471 -0.0001646 0.0000681 0.0000532 0.0000412 0.0000944 -0.0001411 -0.0001655 
-0.0000358 0.0002507 0.0000162 -0.0000601 0.0000710 -0.0000489 0.0000737 0.0000085 
0.0005685 0.0002173 -0.0000301 0.0000361 -0.0000717 -0.0000207 -0.0003055 -0.0000084 
-0.0000248 -0.0009278 0.0000398 -0.0000464 0.0000529 0.0000274 0.0000471 -0.0000048 
-0.0006344 0.0002137 -0.0000801 -0.0000030 -0.0000571 -0.0000544 -0.0000830 0.0004788 
-0.0000584 0.0003984 0.0000004 0.0000797 -0.0000355 0.0000811 0.0006014 -0.0004790 
0.0007995 0.0002646 0.0000805 -0.0000063 0.0000862 0.0000306 -0.0007238 -0.0003540 
-0.0001845 -0.0012573 0.0000201 -0.0000929 0.0000358 -0.0000855 -0.0002081 0.0006809 
-0.0006408 0.0007373 -0.0001793 -0.0000418 -0.0001335 -0.0000881 0.0005004 -0.0000159 
0.0001852 -0.0003145 0.0000433 0.0002243 -0.0000644 0.0002323 -0.0001037 -0.0002588 
-0.0000219 0.0005209 0.0001304 -0.0001236 0.0002149 -0.0000633 -0.0001819 0.0001086 
0.0000790 -0.0004432 -0.0001080 -0.0000222 -0.0001249 -0.0000959 0.0001965 -0.0000206 
0.0000209 0.0003040 0.0000276 0.0000505 -0.0000095 0.0000943 -0.0002371 -0.0000852 
-0.0000542 -0.0002537 -0.0000045 -0.0000353 0.0000345 -0.0000271 0.0000263 0.0001363 
0.0000849 0.0001031 -0.0000189 0.0000241 -0.0000251 0.0000111 0.0001139 -0.0000057 
-0.0001326 -0.0000193 0.0000221 0.0000056 0.0000163 0.0000067 -0.0001550 -0.0001582 
0.0002149 0.0000211 -0.0000027 -0.0000231 0.0000110 -0.0000149 0.0000717 0.0001557 
-0.0000374 -0.0001174 -0.0000049 0.0000056 -0.0000349 -0.0000135 -0.0000813 -0.0002105 
-0.0000089 -0.0000916 -0.0000163 -0.0000286 0.0000064 0.0000275 -0.0001910 0.0001492 
-0.0001381 -0.0000101 -0.0000264 0.0000327 0.0000020 -0.0000292 0.0001966 0.0001234 
0.0000351 0.0000581 0.0000228 0.0000156 -0.0000500 0.0000253 -0.0000164 -0.0001698 
-0.0000388 0.0001388 0.0000098 -0.0000272 0.0000553 0.0000325 -0.0000196 0.0000170 
0.0003583 -0.0001151 -0.0000114 0.0000089 -0.0000119 -0.0000449 0.0000275 -0.0001329 
-0.0001268 -0.0001938 0.0000093 -0.0000306 -0.0000028 0.0000160 -0.0002867 -0.0000422 
-0.0000899 -0.0000865 -0.0000479 -0.0000030 -0.0000028 -0.0000427 0.0000288 0.0002266 
-0.0000442 0.0001278 0.0000060 0.0000441 -0.0000715 0.0000229 0.0001253 -0.0000608 
0.0000966 -0.0000528 0.0000249 -0.0000271 0.0000368 0.0000531 -0.0001166 -0.0000917 
-0.0000162 -0.0000639 -0.0000270 -0.0000110 0.0000229 -0.0000349 -0.0000168 0.0000717 
-0.0000334 -0.0000184 -0.0000053 0.0000140 -0.0000345 -0.0000082 -0.0000013 -0.0000174 
0.0000521 0.0000061 -0.0000006 -0.0000043 -0.0000052 0.0000207 -0.0000256 0.0000006 
-0.0000525 -0.0000455 -0.0000011 0.0000032 0.0000112 0.0000053 -0.0000058 -0.0000383 
0.0000933 0.0000048 -0.0000037 -0.0000047 -0.0000018 -0.0000119 -0.0000468 0.0000457 
-0.0000557 -0.0000727 -0.0000078 0.0000032 -0.0000116 -0.0000011 0.0000222 -0.0000410 
0.0000164 -0.0000057 0.0000093 0.0000016 -0.0000002 0.0000117 -0.0000491 0.0000251 
-0.0000471 -0.0000222 -0.0000102 -0.0000129 0.0000004 -0.0000067 0.0000483 -0.0000082 
0.0000612 0.0000522 -0.0000093 0.0000128 -0.0000053 0.0000051 -0.0000553 -0.0000324 
-0.0000515 -0.0001005 0.0000150 -0.0000043 0.0000051 0.0000009 0.0000389 0.0000120 
0.0000301 0.0001243 -0.0000191 -0.0000058 -0.0000068 -0.0000072 -0.0000195 -0.0000410 
0.0000612 -0.0000840 0.0000120 0.0000150 -0.0000005 0.0000066 -0.0000372 -0.0000120 
-0.0000170 0.0000199 0.0000069 -0.0000239 0.0000025 -0.0000090 0.0000049 0.0000287 
0.0000367 -0.0000557 -0.0000214 0.0000025 -0.0000137 0.0000040 0.0000605 -0.0000473 
0.0000009 0.0000771 0.0000078 0.0000106 0.0000117 0.0000038 -0.0001079 -0.0000503 
0.0000901 -0.0000926 0.0000104 -0.0000078 -0.0000024 -0.0000128 0.0000346 0.0000466 
-0.0000340 -0.0000263 -0.0000058 -0.0000157 -0.0000115 -0.0000013 -0.0000164 -0.0000269 
-0.0000115 -0.0000381 -0.0000133 0.0000015 -0.0000013 0.0000074 -0.0000127 -0.0000014 
-0.0000601 0.0000672 0.0000005 0.0000008 0.0000065 -0.0000058 0.0000331 0.0000048 
0.0001350 -0.0000113 -0.0000048 0.0000103 -0.0000138 -0.0000017 0.0000026 -0.0000277 
-0.0000601 -0.0000154 0.0000175 -0.0000084 0.0000097 0.0000068 -0.0000181 -0.0000169 
0.0000442 -0.0000066 -0.0000118 -0.0000129 -0.0000048 -0.0000078 0.0000404 -0.0000185 
0.0000170 0.0000192 -0.0000042 0.0000094 -0.0000023 0.0000031 -0.0000625 -0.0000327 
0.0000270 -0.0000300 0.0000054 -0.0000058 0.0000047 -0.0000071 0.0000095 0.0000160 
-0.0000040 -0.0000316 -0.0000020 -0.0000017 -0.0000093 -0.0000012 -0.0000048 -0.0000100 
-0.0000165 0.0000017 -0.0000026 -0.0000024 -0.0000003 -0.0000005 0.0000066 0.0000263 
-0.0000022 0.0000444 -0.0000007 -0.0000004 -0.0000018 -0.0000007 0.0000455 -0.0000313 
0.0000492 -0.0000086 0.0000035 0.0000024 -0.0000017 0.0000037 -0.0000083 -0.0000342 
-0.0000010 -0.0000039 0.0000026 -0.0000092 0.0000079 -0.0000031 -0.0000068 -0.0000129 
0.0000164 0.0000396 -0.0000059 -0.0000020 -0.0000026 -0.0000062 -0.0000137 -0.0000159 
0.0000544 -0.0000370 0.0000053 0.0000039 -0.0000006 0.0000009 -0.0000019 0.0000003 
-0.0000079 -0.0000120 0.0000021 -0.0000090 -0.0000014 -0.0000093 0.0000076 0.0000133 
-0.0000313 0.0000181 -0.0000044 -0.0000028 -0.0000103 0.0000049 0.0000253 -0.0000286 
0.0000184 0.0000536 -0.0000021 0.0000048 0.0000061 0.0000081 0.0000078 -0.0000278 
0.0000904 -0.0000216 0.0000095 0.0000053 0.0000075 -0.0000026 -0.0000169 -0.0000036 
-0.0000198 -0.0000116 0.0000041 -0.0000135 0.0000010 -0.0000099 -0.0000155 -0.0000144 
0.0000156 -0.0000361 -0.0000068 0.0000003 -0.0000098 0.0000029 0.0000129 0.0000277 
-0.0000331 0.0000233 -0.0000019 0.0000001 0.0000026 0.0000024 0.0000065 -0.0000045 
-0.0000019 0.0000341 0.0000029 0.0000030 0.0000061 -0.0000006 0.0000172 -0.0000099 
0.0000375 0.0000217 0.0000080 -0.0000039 0.0000035 -0.0000074 0.0000224 -0.0000142 
0.0000318 -0.0000239 -0.0000038 -0.0000042 -0.0000077 -0.0000043 -0.0000345 -0.0000114 
-0.0000560 0.0000010 0.0000004 -0.0000021 0.0000019 0.0000049 0.0000265 0.0000206 
0.0000260 0.0000356 -0.0000021 0.0000046 -0.0000007 -0.0000005 0.0000186 -0.0000075 
-0.0000021 0.0000092 0.0000048 -0.0000016 0.0000036 0.0000004 0.0000048 -0.0000029 
0.0000056 0.0000260 -0.0000016 -0.0000036 0.0000020 -0.0000050 0.0000115 -0.0000113 
0.0000144 -0.0000084 0.0000017 0.0000035 -0.0000055 0.0000008 -0.0000002 -0.0000024 
0.0000222 0.0000263 0.0000028 -0.0000030 0.0000049 -0.0000002 -0.0000050 0.0000034 
0.0000064 -0.0000533 0.0000002 -0.0000040 0.0000004 -0.0000036 0.0000078 0.0000044 
-0.0000501 0.0000162 -0.0000042 0.0000022 -0.0000036 -0.0000018 0.0000172 0.0000041 
0.0000152 0.0000307 0.0000047 0.0000042 0.0000031 0.0000055 -0.0000001 -0.0000062 
0.0000057 0.0000099 0.0000068 -0.0000076 0.0000090 -0.0000097 0.0000086 0.0000032 
0.0000049 -0.0000211 -0.0000095 -0.0000034 -0.0000133 -0.0000040 0.0000168 0.0000029 
-0.0000235 0.0000296 -0.0000001 0.0000103 0.0000008 0.0000113 0.0000086 0.0000023 
0.0000158 0.0000420 0.0000103 -0.0000026 0.0000103 -0.0000000 0.0000110 -0.0000338 
0.0000729 -0.0000285 -0.0000012 -0.0000074 0.0000023 -0.0000088 -0.0000271 0.0000137 
-0.0000528 -0.0000567 -0.0000069 -0.0000007 -0.0000053 -0.0000054 -0.0000007 0.0000102 
-0.0000259 0.0000419 -0.0000000 0.0000055 -0.0000059 0.0000041 0.0000093 0.0000156 
0.0000000 -0.0000031 0.0000060 0.0000025 0.0000038 0.0000080 0.0000197 -0.0000043 
0.0000106 0.0000239 0.0000040 -0.0000059 0.0000078 -0.0000039 -0.0000195 0.0000156 
-0.0000512 -0.0000108 -0.0000057 -0.0000057 0.0000010 -0.0000053 0.0000407 0.0000001 
0.0000377 0.0000587 -0.0000053 0.0000112 -0.0000062 -0.0000010 -0.0000154 -0.0000073 
0.0000004 -0.0000419 0.0000112 0.0000016 0.0000043 0.0000035 0.0000004 0.0000143 
0.0000013 0.0000206 -0.0000007 -0.0000081 -0.0000001 -0.0000067 0.0000098 0.0000065 
-0.0000070 -0.0000393 -0.0000015 0.0000034 -0.0000054 0.0000063 0.0000177 -0.0000030 
-0.0000072 0.0000345 0.0000019 -0.0000045 0.0000136 -0.0000015 -0.0000174 -0.0000070 
0.0000028 -0.0000207 -0.0000036 0.0000004 -0.0000043 -0.0000122 0.0000026 0.0000112 
0.0000058 0.0000154 0.0000001 0.0000029 -0.0000083 0.0000042 -0.0000058 0.0000036 
0.0000034 -0.0000360 0.0000020 0.0000009 0.0000002 0.0000046 -0.0000057 0.0000230 
-0.0000502 0.0000131 0.0000027 -0.0000037 0.0000039 0.0000029 0.0000263 0.0000035 
0.0000163 0.0000119 -0.0000028 0.0000007 0.0000051 -0.0000014 -0.0000027 -0.0000130 
0.0000108 -0.0000052 0.0000019 -0.0000010 0.0000026 -0.0000086 -0.0000247 0.0000051 
-0.0000092 -0.0000330 -0.0000031 -0.0000034 -0.0000073 -0.0000004 0.0000040 0.0000176 
-0.0000239 0.0000117 -0.0000034 0.0000074 0.0000006 0.0000080 0.0000118 0.0000129 
0.0000100 0.0000604 0.0000078 0.0000032 0.0000098 -0.0000003 0.0000048 -0.0000215 
0.0000581 -0.0000273 0.0000056 -0.0000050 -0.0000012 -0.0000073 -0.0000190 -0.0000078 
-0.0000147 -0.0000484 -0.0000035 -0.0000059 -0.0000050 0.0000044 -0.0000066 0.0000199 
-0.0000552 0.0000107 -0.0000097 0.0000011 0.0000035 0.0000003 0.0000016 -0.0000039 
-0.0000001 0.0000579 0.0000008 0.0000139 -0.0000023 0.0000057 -0.0000125 0.0000069 
0.0000438 -0.0000359 0.0000131 0.0000001 0.0000066 0.0000026 0.0000286 0.0000299 
-0.0000595 0.0000110 -0.0000012 -0.0000099 0.0000024 -0.0000052 0.0000227 -0.0000414 
0.0000216 0.0000166 -0.0000072 0.0000009 -0.0000040 -0.0000002 -0.0000290 -0.0000081 
0.0000006 -0.0000034 -0.0000021 0.0000059 -0.0000015 0.0000024 0.0000013 0.0000177 
0.0000110 -0.0000263 0.0000026 0.0000023 0.0000002 0.0000016 -0.0000103 -0.0000026 
-0.0000433 0.0000033 0.0000021 -0.0000006 0.0000036 -0.0000003 0.0000115 0.0000098 
0.0000282 0.0000045 0.0000030 -0.0000022 0.0000001 -0.0000015 -0.0000032 -0.0000114 
-0.0000236 0.0000051 -0.0000040 -0.0000069 0.0000008 -0.0000051 -0.0000172 0.0000001 
0.0000230 0.0000045 -0.0000052 0.0000044 -0.0000046 0.0000019 -0.0000082 0.0000108 
0.0000080 -0.0000151 0.0000029 0.0000051 0.0000033 0.0000004 0.0000133 0.0000047 
-0.0000058 0.0000035 0.0000043 -0.0000009 -0.0000024 -0.0000011 -0.0000163 -0.0000094 
0.0000041 -0.0000211 0.0000028 -0.0000032 0.0000021 0.0000050 0.0000071 -0.0000045 
-0.0000346 0.0000040 -0.0000047 -0.0000035 0.0000033 -0.0000048 -0.0000364 0.0000124 
-0.0000001 0.0000327 -0.0000054 0.0000033 -0.0000055 -0.0000006 0.0000337 0.0000375 
-0.0000091 -0.0000075 -0.0000003 0.0000039 0.0000031 0.0000048 0.0000314 -0.0000374 
0.0000307 0.0000411 0.0000007 0.0000035 0.0000003 -0.0000041 -0.0000244 -0.0000048 
0.0000287 -0.0000429 0.0000072 -0.0000006 -0.0000006 -0.0000008 -0.0000009 -0.0000006 
-0.0000127 -0.0000184 0.0000013 -0.0000092 -0.0000018 -0.0000017 -0.0000104 0.0000015 
-0.0000212 -0.0000104 -0.0000083 -0.0000012 -0.0000016 0.0000039 0.0000157 0.0000131 
-0.0000042 0.0000630 0.0000016 0.0000041 0.0000081 -0.0000019 0.0000047 -0.0000355 
0.0000377 -0.0000227 0.0000038 0.0000020 -0.0000054 -0.0000046 -0.0000287 -0.0000086 
0.0000070 0.0000160 0.0000010 -0.0000037 -0.0000015 0.0000019 0.0000016 0.0000183 
0.0000141 -0.0000432 -0.0000022 0.0000016 -0.0000011 0.0000025 0.0000030 -0.0000205 
-0.0000283 0.0000078 0.0000036 -0.0000015 0.0000058 0.0000019 -0.0000156 0.0000045 
0.0000137 -0.0000075 -0.0000026 -0.0000046 -0.0000043 -0.0000073 -0.0000056 -0.0000002 
-0.0000069 0.0000059 -0.0000055 0.0000007 -0.0000008 0.0000058 -0.0000220 0.0000030 
0.0000041 -0.0000147 0.0000033 0.0000068 0.0000040 -0.0000001 0.0000134 0.0000215 
-0.0000017 -0.0000083 0.0000057 -0.0000031 0.0000004 -0.0000030 0.0000054 -0.0000082 
-0.0000455 -0.0000110 -0.0000019 -0.0000080 -0.0000041 0.0000001 -0.0000058 0.0000169 
-0.0000094 0.0000251 -0.0000070 0.0000019 0.0000017 0.0000049 0.0000328 0.0000072 
0.0000156 0.0000182 0.0000009 0.0000042 0.0000054 -0.0000011 0.0000015 -0.0000342 
0.0000091 -0.0000224 0.0000034 0.0000018 0.0000024 -0.0000066 -0.0000242 -0.0000030 
-0.0000320 0.0000179 0.0000067 -0.0000016 -0.0000072 -0.0000000 0.0000048 0.0000102 
0.0000295 0.0000092 -0.0000009 -0.0000070 0.0000046 0.0000080 0.0000107 0.0000084 
-0.0000283 0.0000007 -0.0000071 0.0000005 0.0000085 -0.0000089 0.0000188 -0.0000173 
0.0000352 0.0000130 0.0000021 0.0000086 -0.0000108 -0.0000068 -0.0000175 -0.0000190 
0.0000014 -0.0000089 0.0000088 -0.0000008 -0.0000047 0.0000112 0.0000032 0.0000177 
0.0000142 0.0000126 0.0000025 -0.0000086 0.0000131 0.0000053 0.0000163 -0.0000432 
0.0000052 -0.0000199 -0.0000069 -0.0000030 0.0000070 -0.0000140 -0.0000508 -0.0000111 
-0.0000057 -0.0000154 -0.0000043 0.0000070 -0.0000149 -0.0000093 -0.0000050 0.0000525 
-0.0000308 -0.0000095 0.0000046 0.0000023 -0.0000122 0.0000132 0.0000363 -0.0000120 
-0.0000013 0.0000231 0.0000030 -0.0000027 0.0000112 0.0000147 -0.0000231 -0.0000098 
0.0000118 -0.0000008 -0.0000039 -0.0000034 0.0000152 -0.0000083 0.0000097 0.0000188 
0.0000114 0.0000021 -0.0000016 0.0000048 -0.0000053 -0.0000133 0.0000108 -0.0000081 
-0.0000169 -0.0000415 0.0000030 0.0000040 -0.0000140 0.0000047 0.0000187 -0.0000120 
-0.0000561 0.0000501 0.0000073 -0.0000009 0.0000076 0.0000151 -0.0000259 -0.0000179 
0.0000576 0.0000364 -0.0000013 -0.0000076 0.0000148 -0.0000096 0.0000090 0.0000277 
-0.0000059 0.0000020 -0.0000085 0.0000024 -0.0000115 -0.0000126 0.0000077 -0.0000198 
0.0001049 -0.0000350 0.0000032 0.0000073 -0.0000112 0.0000120 -0.0000067 0.0000257 
-0.0001324 -0.0001115 0.0000031 -0.0000033 0.0000083 0.0000078 0.0000329 0.0000008 
-0.0000116 0.0000651 -0.0000028 0.0000002 0.0000021 -0.0000035 -0.0000091 -0.0000124 
-0.0001340 0.0000196 0.0000012 -0.0000020 0.0000031 -0.0000010 0.0000080 0.0000186 
0.0002374 0.0002102 -0.0000055 0.0000029 -0.0000068 -0.0000044 0.0000163 0.0000157 
0.0000472 -0.0003567 0.0000060 0.0000032 -0.0000026 0.0000107 0.0000840 -0.0000684 
-0.0000938 0.0000231 -0.0000017 -0.0000070 0.0000067 -0.0000035 -0.0001910 -0.0001158 
-0.0003510 -0.0001464 0.0000163 -0.0000037 0.0000047 0.0000004 -0.0000558 0.0001593 
0.0001374 0.0008055 -0.0000318 -0.0001010 -0.0000004 -0.0000642 -0.0000407 -0.0001627 
0.0006208 -0.0004018 -0.0002092 0.0000503 -0.0001821 0.0000008 -0.0007333 -0.0003724 
0.0006562 0.0003775 -0.0001192 0.0001898 -0.0000584 0.0002138 -0.0032315 0.0023696 
0.0016532 -0.0040746 0.0001729 0.0006474 0.0000409 0.0004009 0.0073581 0.0080867 
-0.0089183 -0.0007448 0.0010319 -0.0004970 0.0009887 -0.0000505 0.0080175 -0.0144968 
0.0035553 0.0098124 -0.0007313 -0.0005948 -0.0004483 -0.0010336 -0.0142083 -0.0003977 
0.0041618 -0.0057044 0.0000382 0.0002929 -0.0003213 0.0004919 0.0038700 0.0046670 
-0.0025358 0.0006834 -0.0001440 -0.0000399 0.0000214 -0.0000902 -0.0010641 -0.0005576 
0.0006298 0.0001625 0.0000887 0.0000464 0.0000565 0.0001061 0.0009987 -0.0004021 
0.0004190 -0.0005439 -0.0000401 0.0000090 -0.0000651 -0.0000515 -0.0007401 0.0002977 
-0.0010016 0.0001844 0.0000126 -0.0000202 0.0000344 0.0000185 -0.0001621 -0.0001758 
0.0004770 0.0003105 0.0000064 0.0000251 -0.0000284 0.0000248 0.0001870 0.0005340 
0.0001998 0.0001391 0.0000059 -0.0000241 0.0000216 -0.0000132 0.0000048 -0.0002652 
-0.0000049 -0.0004597 -0.0000147 -0.0000061 0.0000035 0.0000120 -0.0000421 0.0000869 
-0.0001440 0.0002633 0.0000013 0.0000096 0.0000112 -0.0000193 -0.0000054 -0.0000702 
0.0001039 -0.0000381 -0.0000007 0.0000030 -0.0000242 -0.0000124 -0.0000767 0.0001408 
0.0000025 -0.0000086 0.0000109 -0.0000116 0.0000040 0.0000224 0.0001126 -0.0001082 
-0.0000230 0.0000291 -0.0000089 0.0000004 0.0000080 -0.0000156 -0.0001107 -0.0000108 
0.0000754 0.0000063 -0.0000038 -0.0000050 -0.0000168 -0.0000030 -0.0000461 0.0000478 
-0.0000482 -0.0000288 0.0000014 0.0000075 0.0000063 0.0000119 0.0000449 0.0000295 
0.0000154 0.0000264 0.0000009 -0.0000101 -0.0000029 -0.0000113 -0.0000008 -0.0000359 
0.0000272 0.0000193 -0.0000021 0.0000045 0.0000005 0.0000083 -0.0000566 -0.0000127 
0.0000075 -0.0000015 -0.0000019 -0.0000065 0.0000052 -0.0000128 -0.0000104 0.0000449 
0.0000407 -0.0000184 -0.0000028 0.0000072 -0.0000165 -0.0000009 0.0000148 0.0000042 
-0.0000256 -0.0000159 0.0000017 0.0000033 0.0000019 0.0000141 0.0000293 0.0000168 
-0.0000150 -0.0000152 0.0000104 -0.0000042 0.0000093 -0.0000048 -0.0000083 -0.0000374 
-0.0000142 0.0000281 -0.0000030 -0.0000045 -0.0000004 -0.0000006 0.0000161 -0.0000012 
0.0000123 0.0000178 0.0000004 -0.0000077 0.0000004 -0.0000077 -0.0000491 -0.0000284 
0.0000195 0.0000093 -0.0000057 0.0000010 -0.0000048 0.0000037 -0.0000214 0.0000197 
0.0000334 -0.0000062 -0.0000017 0.0000048 0.0000029 0.0000025 0.0000145 0.0000153 
-0.0000230 -0.0000365 0.0000042 0.0000029 0.0000051 -0.0000008 0.0000002 -0.0000312 
-0.0000062 0.0000353 0.0000020 -0.0000015 -0.0000030 -0.0000056 -0.0000352 -0.0000022 
0.0000086 0.0000051 -0.0000025 -0.0000052 -0.0000042 0.0000067 0.0000102 0.0000230 
0.0000079 -0.0000169 -0.0000086 0.0000059 0.0000048 -0.0000002 -0.0000005 0.0000054 
-0.0000369 -0.0000045 0.0000089 0.0000014 0.0000048 -0.0000073 0.0000331 -0.0000212 
-0.0000141 0.0000476 -0.0000021 -0.0000030 -0.0000147 -0.0000038 -0.0000406 -0.0000376 
0.0000487 0.0000019 0.0000027 -0.0000001 0.0000038 0.0000136 -0.0000195 0.0000300 
-0.0000231 -0.0000120 -0.0000013 -0.0000015 0.0000100 -0.0000040 0.0000128 -0.0000109 
0.0000195 0.0000150 0.0000025 0.0000027 -0.0000027 -0.0000069 -0.0000201 0.0000087 
-0.0000163 -0.0000064 0.0000025 -0.0000066 -0.0000025 -0.0000024 0.0000189 0.0000098 
0.0000261 0.0000049 -0.0000065 -0.0000011 -0.0000064 0.0000012 0.0000008 -0.0000114 
-0.0000239 -0.0000381 0.0000012 0.0000049 0.0000030 0.0000055 0.0000029 -0.0000116 
-0.0000263 0.0000341 0.0000036 0.0000017 0.0000016 0.0000010 -0.0000250 -0.0000012 
0.0000271 0.0000352 0.0000059 -0.0000032 0.0000049 0.0000013 -0.0000092 0.0000154 
0.0000158 -0.0000445 -0.0000076 -0.0000090 -0.0000004 -0.0000042 0.0000230 0.0000332 
-0.0000470 0.0000209 -0.0000088 0.0000121 -0.0000007 -0.0000016 0.0000347 -0.0000357 
0.0000368 0.0000128 0.0000143 0.0000073 -0.0000000 -0.0000011 -0.0000383 -0.0000256 
-0.0000149 -0.0000219 0.0000065 -0.0000121 -0.0000029 -0.0000002 -0.0000247 0.0000216 
0.0000132 0.0000178 -0.0000082 -0.0000044 -0.0000002 0.0000066 0.0000107 0.0000266 
-0.0000200 0.0000085 -0.0000068 0.0000059 0.0000071 0.0000027 0.0000392 -0.0000287 
0.0000441 0.0000185 0.0000025 0.0000088 0.0000046 -0.0000102 -0.0000386 -0.0000330 
-0.0000160 -0.0000527 0.0000108 -0.0000046 -0.0000104 -0.0000070 -0.0000038 0.0000352 
-0.0000272 0.0000327 -0.0000062 -0.0000113 -0.0000052 0.0000054 0.0000002 -0.0000341 
0.0000120 -0.0000063 -0.0000069 0.0000064 0.0000009 0.0000092 -0.0000227 0.0000353 
-0.0000027 0.0000292 0.0000005 -0.0000000 0.0000147 -0.0000033 -0.0000061 0.0000039 
0.0000335 -0.0000580 0.0000009 0.0000123 -0.0000087 -0.0000065 0.0000682 0.0000793 
-0.0001223 0.0000177 0.0000187 -0.0000117 0.0000086 0.0000026 0.0000448 -0.0001944 
0.0001170 0.0001086 -0.0000174 -0.0000050 -0.0000107 -0.0000085 -0.0001614 0.0001175 
-0.0000102 -0.0001190 0.0000095 0.0000039 0.0000087 0.0000113 0.0001488 -0.0000673 
-0.0000234 0.0000698 -0.0000119 -0.0000049 -0.0000058 -0.0000145 -0.0001473 0.0000145 
0.0000306 -0.0000451 0.0000036 0.0000060 -0.0000051 0.0000085 0.0000748 0.0000516 
-0.0000294 -0.0000043 0.0000025 0.0000021 0.0000015 0.0000041 0.0000075 -0.0000222 
-0.0000120 0.0000173 0.0000068 -0.0000031 0.0000070 -0.0000006 0.0000018 -0.0000534 
0.0000161 0.0000210 -0.0000092 -0.0000083 -0.0000050 -0.0000092 -0.0000883 0.0000298 
0.0000384 -0.0000377 -0.0000018 0.0000109 -0.0000059 0.0000065 0.0000798 0.0000496 
-0.0000663 0.0000065 0.0000038 -0.0000031 0.0000032 -0.0000029 -0.0000313 -0.0000693 
0.0000563 0.0000046 0.0000013 -0.0000005 -0.0000059 0.0000014 -0.0000088 0.0000400 
-0.0000537 -0.0000355 -0.0000016 -0.0000043 0.0000008 0.0000041 0.0000016 -0.0000070 
-0.0000049 0.0000513 -0.0000044 0.0000020 0.0000055 0.0000021 -0.0000045 -0.0000037 
0.0000207 -0.0000135 0.0000023 0.0000036 0.0000018 -0.0000061 0.0000115 0.0000210 
-0.0000018 0.0000132 0.0000006 -0.0000029 -0.0000065 -0.0000040 -0.0000006 -0.0000185 
0.0000228 -0.0000327 -0.0000005 0.0000003 -0.0000025 0.0000091 0.0000076 0.0000109 
-0.0000277 0.0000077 -0.0000017 0.0000016 0.0000075 0.0000019 0.0000073 -0.0000140 
0.0000075 0.0000049 0.0000028 0.0000011 0.0000001 -0.0000053 -0.0000135 -0.0000055 
0.0000147 0.0000055 0.0000007 -0.0000037 -0.0000033 -0.0000001 0.0000050 0.0000154 
0.0000036 -0.0000065 -0.0000036 0.0000014 0.0000001 0.0000021 0.0000028 -0.0000172 
0.0000096 -0.0000078 0.0000008 0.0000031 0.0000028 -0.0000012 -0.0000085 -0.0000027 
-0.0000169 -0.0000007 0.0000031 0.0000003 -0.0000037 -0.0000036 -0.0000047 0.0000076 
0.0000209 0.0000123 0.0000020 -0.0000061 -0.0000008 0.0000038 0.0000222 0.0000111 
-0.0000010 -0.0000111 -0.0000067 -0.0000018 0.0000031 -0.0000003 0.0000124 -0.0000555 
0.0000192 -0.0000162 -0.0000006 0.0000082 0.0000001 -0.0000036 -0.0000586 0.0000257 
-0.0000433 -0.0000119 0.0000091 -0.0000034 -0.0000016 -0.0000027 0.0000371 -0.0000105 
0.0000214 0.0000312 -0.0000049 -0.0000054 -0.0000074 0.0000041 -0.0000413 0.0000073 
0.0000001 -0.0000182 -0.0000030 0.0000016 0.0000076 0.0000046 0.0000243 0.0000181 
0.0000124 0.0000002 0.0000011 0.0000020 0.0000020 -0.0000059 0.0000148 -0.0000149 
