%19-Mar-2019 14:40:45
%Comment: Enter a comment
%--------------------------------------------- 
%                   Setup 
%--------------------------------------------- 
%Number of measurements stored in this file: 1
%Center Frequency: 1.5GHz
%Center Frequency: 1.5GHz
%Number of Averages: 1 
%Start Pos: 0 degrees
%Stop Pos: 0 degrees
%Polarizations in order: VVVHHVHH 
%Columns of real and imaginary data. Col 1 = real, col 2 = imaginary. If more than 2 columns, odd columns are real and even columns are imaginary. 
%Az: 0 ================== 
0.0006581 0.0003527 -0.0003146 -0.0000637 -0.0002054 -0.0002939 -0.0012963 0.0006177 
-0.0013514 -0.0005659 0.0001543 -0.0000539 0.0001196 0.0001587 0.0005450 -0.0011286 
0.0012310 0.0004474 -0.0001393 0.0001062 -0.0001550 -0.0000783 -0.0002736 0.0010731 
-0.0013550 -0.0000569 0.0001100 -0.0000998 0.0001696 0.0000763 -0.0000554 -0.0010591 
0.0012714 -0.0001686 -0.0000400 0.0001049 -0.0001221 -0.0000123 0.0002601 0.0009157 
-0.0010785 0.0004474 0.0000431 -0.0001254 0.0001545 -0.0000321 -0.0004262 -0.0007200 
0.0007768 -0.0007381 -0.0000272 0.0000874 -0.0001223 0.0000195 0.0005499 0.0005726 
-0.0006393 0.0008078 -0.0000179 -0.0001024 0.0000831 -0.0000726 -0.0005414 -0.0004221 
0.0001064 -0.0007130 -0.0000036 0.0001255 -0.0001088 0.0001046 0.0004506 0.0002905 
-0.0000912 0.0008730 -0.0000413 -0.0000601 0.0000516 -0.0000731 -0.0005819 -0.0000789 
0.0000151 -0.0006706 0.0000601 0.0000545 -0.0000101 0.0000879 0.0005064 -0.0000560 
0.0001884 0.0006967 -0.0000465 -0.0000404 0.0000157 -0.0000871 -0.0004480 0.0001655 
-0.0002216 -0.0006586 0.0000531 0.0000001 0.0000261 0.0000505 0.0003610 -0.0002674 
0.0003535 0.0004703 -0.0000565 -0.0000174 -0.0000378 -0.0000697 -0.0002314 0.0002790 
-0.0005334 -0.0003318 0.0000285 0.0000089 0.0000216 0.0000459 0.0001649 -0.0003045 
0.0005019 0.0002276 -0.0000436 0.0000094 -0.0000514 -0.0000245 -0.0000845 0.0002391 
-0.0004966 0.0001170 0.0000524 0.0000143 0.0000555 0.0000427 -0.0000150 -0.0001373 
0.0004939 -0.0000774 -0.0000208 0.0000160 -0.0000329 -0.0000059 0.0000240 0.0002092 
-0.0003148 0.0001224 0.0000251 -0.0000224 0.0000421 -0.0000137 -0.0000525 -0.0001474 
0.0003096 -0.0001983 -0.0000172 0.0000110 -0.0000327 0.0000052 0.0000721 0.0001357 
-0.0002612 0.0001603 -0.0000035 -0.0000199 0.0000110 -0.0000274 -0.0000875 -0.0001040 
0.0001306 -0.0002223 -0.0000163 0.0000174 -0.0000237 0.0000243 0.0000787 0.0000545 
-0.0000866 0.0003142 0.0000117 -0.0000020 0.0000067 -0.0000110 -0.0000684 -0.0000611 
0.0000463 -0.0002411 -0.0000054 0.0000163 0.0000049 0.0000273 0.0000204 0.0000280 
0.0001508 0.0002808 0.0000272 -0.0000207 0.0000127 -0.0000185 0.0000208 0.0000170 
-0.0001067 -0.0002291 -0.0000036 0.0000079 0.0000097 0.0000038 0.0000194 0.0000516 
0.0001414 0.0000745 0.0000001 -0.0000166 -0.0000177 -0.0000121 -0.0000097 -0.0000579 
-0.0001566 -0.0000668 -0.0000084 0.0000126 0.0000052 0.0000025 0.0000327 0.0000670 
0.0000745 0.0000174 -0.0000024 -0.0000020 -0.0000195 0.0000084 -0.0000504 -0.0000699 
-0.0000903 0.0000645 -0.0000010 0.0000196 0.0000113 0.0000027 0.0000505 0.0000699 
0.0001305 -0.0000224 0.0000092 -0.0000142 0.0000002 0.0000100 -0.0000961 -0.0000776 
-0.0000419 0.0000583 0.0000054 0.0000126 0.0000109 -0.0000117 0.0000925 0.0000804 
0.0001286 -0.0001710 -0.0000048 -0.0000345 0.0000021 -0.0000087 -0.0000577 -0.0000751 
-0.0000339 0.0000900 0.0000020 0.0000080 -0.0000088 -0.0000123 0.0001516 0.0000225 
-0.0000823 -0.0001157 -0.0000100 -0.0000071 0.0000011 0.0000121 -0.0001530 0.0000064 
0.0000929 0.0000841 0.0000062 0.0000122 -0.0000087 -0.0000010 0.0001641 -0.0000637 
-0.0001363 -0.0000007 -0.0000012 -0.0000021 0.0000135 0.0000121 -0.0001561 0.0000975 
0.0001720 -0.0000114 0.0000125 0.0000081 -0.0000039 -0.0000023 0.0001148 -0.0001303 
-0.0001056 0.0000222 -0.0000077 -0.0000155 0.0000154 -0.0000060 -0.0001003 0.0001807 
0.0000972 -0.0001137 0.0000088 0.0000043 -0.0000135 -0.0000038 0.0000631 -0.0001816 
-0.0001210 0.0000565 -0.0000249 -0.0000065 0.0000005 -0.0000087 -0.0000045 0.0001772 
0.0000465 -0.0001229 0.0000071 0.0000075 -0.0000126 0.0000133 -0.0000402 -0.0002112 
-0.0000675 0.0001991 -0.0000095 -0.0000024 0.0000101 -0.0000079 0.0000925 0.0001831 
0.0000121 -0.0001875 0.0000161 0.0000068 0.0000009 0.0000158 -0.0001424 -0.0001620 
0.0000831 0.0002339 -0.0000082 -0.0000070 0.0000089 -0.0000163 0.0001823 0.0001238 
-0.0000994 -0.0002388 0.0000191 -0.0000031 0.0000027 0.0000085 -0.0001991 -0.0000615 
0.0001558 0.0001410 -0.0000251 -0.0000001 -0.0000103 -0.0000193 0.0002216 0.0000262 
-0.0002354 -0.0001238 0.0000173 -0.0000064 0.0000042 0.0000131 -0.0002010 0.0000300 
0.0001921 0.0000721 -0.0000219 0.0000217 -0.0000166 -0.0000023 0.0001739 -0.0001084 
-0.0002435 0.0000006 0.0000194 -0.0000119 0.0000185 0.0000108 -0.0001649 0.0001269 
0.0002757 -0.0000129 -0.0000122 0.0000181 -0.0000136 -0.0000051 0.0001104 -0.0001648 
-0.0002557 0.0000749 0.0000137 -0.0000250 0.0000202 -0.0000046 -0.0000771 0.0001857 
0.0002565 -0.0001666 -0.0000087 0.0000206 -0.0000181 0.0000005 0.0000180 -0.0001977 
-0.0002295 0.0001880 -0.0000019 -0.0000311 0.0000110 -0.0000129 0.0000366 0.0001937 
0.0001157 -0.0002501 0.0000034 0.0000337 -0.0000168 0.0000178 -0.0000678 -0.0001779 
-0.0000901 0.0003137 -0.0000126 -0.0000272 0.0000089 -0.0000128 0.0001166 0.0001377 
-0.0000086 -0.0002697 0.0000277 0.0000295 0.0000007 0.0000236 -0.0001676 -0.0000997 
0.0000897 0.0002874 -0.0000236 -0.0000217 0.0000029 -0.0000231 0.0001626 0.0000613 
-0.0001136 -0.0002695 0.0000292 0.0000109 0.0000052 0.0000158 -0.0001753 -0.0000068 
0.0001682 0.0002179 -0.0000345 -0.0000090 -0.0000144 -0.0000198 0.0001644 -0.0000322 
-0.0002324 -0.0001909 0.0000284 -0.0000006 0.0000120 0.0000131 -0.0001531 0.0000844 
0.0002315 0.0001402 -0.0000347 0.0000115 -0.0000220 -0.0000046 0.0001206 -0.0001203 
-0.0002883 -0.0000327 0.0000313 -0.0000152 0.0000234 0.0000062 -0.0000762 0.0001332 
0.0003013 -0.0000041 -0.0000216 0.0000247 -0.0000186 0.0000042 0.0000318 -0.0001549 
-0.0002377 0.0001169 0.0000223 -0.0000345 0.0000269 -0.0000130 0.0000098 0.0001793 
0.0002284 -0.0001727 -0.0000070 0.0000297 -0.0000190 0.0000116 -0.0000491 -0.0001433 
-0.0001760 0.0001875 -0.0000045 -0.0000306 0.0000099 -0.0000183 0.0000885 0.0001312 
0.0001013 -0.0002098 0.0000093 0.0000300 -0.0000095 0.0000242 -0.0001161 -0.0000929 
-0.0000580 0.0002361 -0.0000178 -0.0000209 0.0000001 -0.0000208 0.0001426 0.0000648 
-0.0000020 -0.0002040 0.0000240 0.0000192 0.0000096 0.0000260 -0.0001490 -0.0000254 
0.0000856 0.0002261 -0.0000236 -0.0000123 -0.0000102 -0.0000213 0.0001447 -0.0000241 
-0.0000992 -0.0001976 0.0000282 0.0000015 0.0000203 0.0000134 -0.0001347 0.0000631 
0.0001741 0.0001301 -0.0000306 0.0000013 -0.0000242 -0.0000144 0.0001182 -0.0000938 
-0.0002035 -0.0000944 0.0000219 -0.0000143 0.0000219 0.0000052 -0.0000810 0.0001201 
0.0001854 0.0000187 -0.0000170 0.0000216 -0.0000251 0.0000046 0.0000528 -0.0001351 
-0.0001763 0.0000569 0.0000110 -0.0000230 0.0000257 -0.0000070 -0.0000142 0.0001454 
0.0001509 -0.0000834 0.0000001 0.0000269 -0.0000189 0.0000170 -0.0000138 -0.0001402 
-0.0000878 0.0001292 -0.0000043 -0.0000252 0.0000189 -0.0000236 0.0000498 0.0001333 
0.0000762 -0.0001587 0.0000116 0.0000199 -0.0000106 0.0000223 -0.0000903 -0.0001148 
-0.0000219 0.0001414 -0.0000193 -0.0000178 0.0000016 -0.0000288 0.0001151 0.0000908 
-0.0000388 -0.0001619 0.0000194 0.0000136 0.0000010 0.0000283 -0.0001274 -0.0000634 
0.0000728 0.0001507 -0.0000265 -0.0000029 -0.0000111 -0.0000226 0.0001391 0.0000274 
-0.0001224 -0.0000933 0.0000281 -0.0000044 0.0000192 0.0000218 -0.0001384 0.0000039 
0.0001784 0.0000541 -0.0000233 0.0000116 -0.0000203 -0.0000177 0.0001386 -0.0000397 
-0.0001664 -0.0000096 0.0000211 -0.0000202 0.0000265 0.0000088 -0.0001154 0.0000609 
0.0001796 -0.0000634 -0.0000138 0.0000228 -0.0000290 -0.0000064 0.0001009 -0.0000884 
-0.0001584 0.0000839 0.0000047 -0.0000258 0.0000255 -0.0000030 -0.0000810 0.0001143 
0.0001079 -0.0001391 0.0000010 0.0000276 -0.0000277 0.0000118 0.0000504 -0.0001283 
-0.0000820 0.0001695 -0.0000068 -0.0000230 0.0000232 -0.0000141 -0.0000253 0.0001312 
0.0000433 -0.0001799 0.0000156 0.0000228 -0.0000152 0.0000211 -0.0000067 -0.0001340 
0.0000276 0.0001947 -0.0000204 -0.0000191 0.0000130 -0.0000264 0.0000380 0.0001271 
-0.0000681 -0.0002109 0.0000239 0.0000107 -0.0000069 0.0000244 -0.0000643 -0.0001163 
0.0001214 0.0001664 -0.0000275 -0.0000061 -0.0000014 -0.0000277 0.0000808 0.0000855 
-0.0001809 -0.0001522 0.0000256 -0.0000027 0.0000035 0.0000268 -0.0000969 -0.0000727 
0.0001901 0.0000894 -0.0000233 0.0000104 -0.0000114 -0.0000216 0.0001112 0.0000551 
-0.0002204 -0.0000282 0.0000203 -0.0000143 0.0000173 0.0000209 -0.0001204 -0.0000254 
0.0002170 -0.0000137 -0.0000128 0.0000181 -0.0000174 -0.0000150 0.0001163 0.0000058 
-0.0002052 0.0000630 0.0000095 -0.0000207 0.0000224 0.0000083 -0.0001138 0.0000245 
0.0001848 -0.0001255 -0.0000058 0.0000213 -0.0000253 -0.0000055 0.0001063 -0.0000514 
-0.0001733 0.0001504 -0.0000016 -0.0000201 0.0000218 0.0000003 -0.0000922 0.0000679 
0.0001092 -0.0001859 0.0000056 0.0000194 -0.0000229 0.0000064 0.0000639 -0.0000871 
-0.0000828 0.0002171 -0.0000099 -0.0000158 0.0000211 -0.0000073 -0.0000480 0.0000961 
0.0000118 -0.0002072 0.0000144 0.0000115 -0.0000162 0.0000134 0.0000307 -0.0001011 
0.0000430 0.0002180 -0.0000145 -0.0000077 0.0000157 -0.0000170 -0.0000056 0.0001071 
-0.0000802 -0.0001939 0.0000142 0.0000007 -0.0000105 0.0000169 -0.0000120 -0.0001024 
0.0001177 0.0001610 -0.0000134 0.0000011 0.0000041 -0.0000203 0.0000374 0.0000945 
-0.0001519 -0.0001315 0.0000116 -0.0000021 -0.0000021 0.0000218 -0.0000614 -0.0000857 
0.0001561 0.0001062 -0.0000091 0.0000059 -0.0000026 -0.0000183 0.0000726 0.0000648 
-0.0001769 -0.0000517 0.0000069 -0.0000069 0.0000078 0.0000189 -0.0000944 -0.0000370 
0.0001817 0.0000308 -0.0000049 0.0000078 -0.0000086 -0.0000165 0.0000917 0.0000195 
-0.0001683 0.0000266 0.0000012 -0.0000090 0.0000136 0.0000122 -0.0000893 -0.0000001 
0.0001647 -0.0000606 0.0000004 0.0000076 -0.0000164 -0.0000107 0.0000871 -0.0000198 
-0.0001413 0.0000869 -0.0000047 -0.0000058 0.0000160 0.0000060 -0.0000754 0.0000386 
0.0001087 -0.0001056 0.0000045 0.0000044 -0.0000186 -0.0000003 0.0000624 -0.0000557 
-0.0000843 0.0001258 -0.0000034 -0.0000021 0.0000188 -0.0000019 -0.0000498 0.0000703 
0.0000645 -0.0001118 0.0000050 0.0000010 -0.0000150 0.0000067 0.0000278 -0.0000723 
-0.0000209 0.0001288 -0.0000049 0.0000004 0.0000140 -0.0000114 -0.0000031 0.0000890 
0.0000117 -0.0001249 0.0000040 -0.0000011 -0.0000102 0.0000119 -0.0000153 -0.0000753 
0.0000291 0.0001133 -0.0000049 0.0000032 0.0000053 -0.0000153 0.0000330 0.0000636 
-0.0000446 -0.0001078 0.0000037 -0.0000033 -0.0000031 0.0000167 -0.0000432 -0.0000528 
0.0000638 0.0000940 -0.0000021 0.0000069 -0.0000021 -0.0000146 0.0000556 0.0000346 
-0.0000709 -0.0000667 0.0000015 -0.0000066 0.0000080 0.0000153 -0.0000590 -0.0000183 
0.0000883 0.0000513 0.0000008 0.0000057 -0.0000095 -0.0000124 0.0000611 0.0000083 
-0.0000657 -0.0000384 -0.0000017 -0.0000073 0.0000136 0.0000067 -0.0000549 0.0000112 
0.0000821 0.0000089 0.0000035 0.0000073 -0.0000158 -0.0000040 0.0000623 -0.0000267 
-0.0000724 -0.0000101 -0.0000049 -0.0000068 0.0000138 -0.0000018 -0.0000416 0.0000386 
0.0000723 -0.0000174 0.0000081 0.0000079 -0.0000141 0.0000072 0.0000240 -0.0000489 
-0.0000652 0.0000246 -0.0000096 -0.0000061 0.0000120 -0.0000099 -0.0000108 0.0000472 
0.0000589 -0.0000440 0.0000137 0.0000038 -0.0000066 0.0000144 -0.0000071 -0.0000489 
-0.0000403 0.0000400 -0.0000155 -0.0000014 0.0000035 -0.0000174 0.0000156 0.0000398 
0.0000307 -0.0000543 0.0000148 -0.0000036 0.0000017 0.0000158 -0.0000186 -0.0000311 
-0.0000207 0.0000322 -0.0000170 0.0000071 -0.0000092 -0.0000161 0.0000291 0.0000221 
-0.0000017 -0.0000482 0.0000158 -0.0000107 0.0000122 0.0000142 -0.0000275 -0.0000205 
-0.0000029 0.0000387 -0.0000131 0.0000157 -0.0000177 -0.0000074 0.0000296 0.0000070 
-0.0000148 -0.0000404 0.0000120 -0.0000203 0.0000209 0.0000034 -0.0000308 0.0000047 
0.0000156 0.0000367 -0.0000068 0.0000234 -0.0000203 0.0000031 0.0000209 -0.0000119 
-0.0000241 -0.0000302 0.0000009 -0.0000284 0.0000201 -0.0000108 -0.0000139 0.0000196 
0.0000254 0.0000155 0.0000051 0.0000291 -0.0000183 0.0000150 0.0000052 -0.0000176 
-0.0000335 -0.0000080 -0.0000141 -0.0000266 0.0000116 -0.0000203 0.0000054 0.0000099 
0.0000147 -0.0000040 0.0000209 0.0000255 -0.0000068 0.0000261 -0.0000073 -0.0000072 
-0.0000209 0.0000149 -0.0000266 -0.0000204 -0.0000002 -0.0000257 0.0000025 -0.0000069 
0.0000112 -0.0000119 0.0000328 0.0000128 0.0000103 0.0000270 -0.0000027 0.0000102 
-0.0000106 0.0000156 -0.0000367 -0.0000073 -0.0000164 -0.0000247 0.0000004 -0.0000101 
0.0000052 -0.0000164 0.0000379 -0.0000031 0.0000232 0.0000178 0.0000048 0.0000153 
-0.0000028 0.0000154 -0.0000399 0.0000128 -0.0000303 -0.0000119 -0.0000111 -0.0000172 
-0.0000115 -0.0000161 0.0000356 -0.0000216 0.0000308 0.0000041 0.0000207 0.0000165 
0.0000100 0.0000154 -0.0000289 0.0000326 -0.0000322 0.0000070 -0.0000337 -0.0000145 
-0.0000262 0.0000037 0.0000215 -0.0000388 0.0000315 -0.0000145 0.0000386 0.0000037 
0.0000270 0.0000035 -0.0000111 0.0000428 -0.0000244 0.0000226 -0.0000518 0.0000110 
-0.0000209 0.0000077 -0.0000013 -0.0000462 0.0000192 -0.0000316 0.0000500 -0.0000272 
0.0000186 -0.0000084 0.0000105 0.0000450 -0.0000107 0.0000350 -0.0000400 0.0000423 
-0.0000150 0.0000155 -0.0000234 -0.0000403 -0.0000018 -0.0000375 0.0000312 -0.0000540 
0.0000079 -0.0000140 0.0000326 0.0000364 0.0000110 0.0000385 -0.0000178 0.0000642 
-0.0000097 0.0000250 -0.0000399 -0.0000252 -0.0000210 -0.0000312 -0.0000013 -0.0000708 
0.0000065 -0.0000159 0.0000476 0.0000136 0.0000316 0.0000261 0.0000154 0.0000762 
0.0000074 0.0000312 -0.0000487 -0.0000019 -0.0000363 -0.0000180 -0.0000365 -0.0000716 
-0.0000016 -0.0000284 0.0000469 -0.0000117 0.0000406 0.0000048 0.0000586 0.0000707 
0.0000109 0.0000224 -0.0000433 0.0000247 -0.0000431 0.0000049 -0.0000784 -0.0000549 
-0.0000144 -0.0000154 0.0000344 -0.0000325 0.0000392 -0.0000159 0.0000936 0.0000310 
0.0000170 0.0000143 -0.0000238 0.0000421 -0.0000338 0.0000291 -0.0001000 -0.0000064 
-0.0000126 -0.0000059 0.0000147 -0.0000460 0.0000270 -0.0000364 0.0001016 -0.0000195 
0.0000246 0.0000089 0.0000006 0.0000466 -0.0000131 0.0000425 -0.0000945 0.0000479 
-0.0000138 -0.0000069 -0.0000131 -0.0000474 0.0000026 -0.0000476 0.0000844 -0.0000663 
0.0000296 -0.0000021 0.0000242 0.0000400 0.0000093 0.0000446 -0.0000654 0.0000869 
-0.0000241 -0.0000047 -0.0000358 -0.0000313 -0.0000245 -0.0000415 0.0000456 -0.0001017 
0.0000202 -0.0000035 0.0000430 0.0000217 0.0000328 0.0000358 -0.0000217 0.0001106 
-0.0000152 0.0000072 -0.0000450 -0.0000074 -0.0000410 -0.0000242 -0.0000101 -0.0001153 
0.0000134 -0.0000139 0.0000467 -0.0000056 0.0000486 0.0000131 0.0000385 0.0001079 
-0.0000070 0.0000138 -0.0000419 0.0000156 -0.0000491 -0.0000013 -0.0000655 -0.0000927 
0.0000094 -0.0000193 0.0000347 -0.0000292 0.0000482 -0.0000151 0.0000896 0.0000752 
-0.0000077 0.0000121 -0.0000283 0.0000372 -0.0000449 0.0000258 -0.0001001 -0.0000497 
0.0000026 -0.0000206 0.0000149 -0.0000424 0.0000343 -0.0000357 0.0001084 0.0000228 
-0.0000045 0.0000188 -0.0000023 0.0000472 -0.0000249 0.0000467 -0.0001070 0.0000024 
-0.0000020 -0.0000135 -0.0000089 -0.0000459 0.0000137 -0.0000488 0.0000993 -0.0000268 
0.0000104 0.0000071 0.0000237 0.0000395 0.0000015 0.0000503 -0.0000897 0.0000520 
-0.0000108 -0.0000062 -0.0000335 -0.0000337 -0.0000133 -0.0000505 0.0000715 -0.0000716 
0.0000145 -0.0000036 0.0000392 0.0000214 0.0000243 0.0000428 -0.0000468 0.0000845 
-0.0000143 0.0000023 -0.0000466 -0.0000094 -0.0000371 -0.0000358 0.0000269 -0.0000947 
0.0000039 -0.0000101 0.0000463 -0.0000007 0.0000425 0.0000265 -0.0000015 0.0000893 
-0.0000068 0.0000092 -0.0000444 0.0000153 -0.0000469 -0.0000122 -0.0000232 -0.0000848 
-0.0000055 -0.0000118 0.0000411 -0.0000265 0.0000505 0.0000016 0.0000403 0.0000697 
0.0000159 0.0000144 -0.0000318 0.0000345 -0.0000456 0.0000100 -0.0000534 -0.0000519 
-0.0000271 -0.0000146 0.0000199 -0.0000445 0.0000407 -0.0000229 0.0000633 0.0000357 
0.0000267 0.0000090 -0.0000100 0.0000478 -0.0000350 0.0000302 -0.0000675 -0.0000162 
-0.0000402 -0.0000026 -0.0000058 -0.0000468 0.0000226 -0.0000359 0.0000649 -0.0000051 
0.0000390 -0.0000089 0.0000171 0.0000467 -0.0000142 0.0000424 -0.0000596 0.0000140 
-0.0000428 0.0000291 -0.0000261 -0.0000388 0.0000040 -0.0000409 0.0000462 -0.0000313 
0.0000365 -0.0000389 0.0000373 0.0000305 0.0000089 0.0000393 -0.0000347 0.0000413 
-0.0000270 0.0000584 -0.0000429 -0.0000219 -0.0000155 -0.0000366 0.0000175 -0.0000429 
0.0000174 -0.0000736 0.0000449 0.0000091 0.0000229 0.0000271 -0.0000012 0.0000455 
-0.0000043 0.0000818 -0.0000486 0.0000034 -0.0000301 -0.0000198 -0.0000097 -0.0000417 
-0.0000185 -0.0000791 0.0000448 -0.0000134 0.0000308 0.0000128 0.0000202 0.0000334 
0.0000394 0.0000855 -0.0000377 0.0000275 -0.0000306 -0.0000008 -0.0000298 -0.0000233 
-0.0000618 -0.0000714 0.0000323 -0.0000340 0.0000311 -0.0000046 0.0000249 0.0000125 
0.0000867 0.0000609 -0.0000196 0.0000385 -0.0000244 0.0000115 -0.0000297 0.0000018 
-0.0001035 -0.0000382 0.0000099 -0.0000438 0.0000199 -0.0000194 0.0000271 -0.0000093 
0.0001211 0.0000140 -0.0000003 0.0000422 -0.0000151 0.0000196 -0.0000182 0.0000156 
-0.0001299 0.0000114 -0.0000118 -0.0000384 0.0000048 -0.0000217 0.0000144 -0.0000245 
0.0001251 -0.0000365 0.0000208 0.0000368 0.0000009 0.0000235 -0.0000050 0.0000255 
-0.0001049 0.0000728 -0.0000266 -0.0000282 -0.0000056 -0.0000188 -0.0000034 -0.0000234 
0.0000900 -0.0000990 0.0000355 0.0000187 0.0000139 0.0000152 0.0000101 0.0000201 
-0.0000605 0.0001190 -0.0000357 -0.0000119 -0.0000142 -0.0000126 -0.0000211 -0.0000100 
0.0000335 -0.0001417 0.0000346 -0.0000012 0.0000160 0.0000044 0.0000249 0.0000029 
-0.0000035 0.0001461 -0.0000341 0.0000090 -0.0000190 0.0000000 -0.0000226 0.0000058 
-0.0000358 -0.0001441 0.0000271 -0.0000150 0.0000139 -0.0000039 0.0000198 -0.0000156 
0.0000642 0.0001353 -0.0000199 0.0000226 -0.0000125 0.0000117 -0.0000155 0.0000158 
-0.0000896 -0.0001071 0.0000159 -0.0000250 0.0000110 -0.0000136 0.0000054 -0.0000201 
0.0001196 0.0000780 -0.0000062 0.0000255 -0.0000036 0.0000151 0.0000023 0.0000240 
-0.0001323 -0.0000471 -0.0000016 -0.0000282 -0.0000004 -0.0000191 -0.0000102 -0.0000200 
0.0001337 0.0000084 0.0000062 0.0000226 0.0000037 0.0000152 0.0000213 0.0000222 
-0.0001332 0.0000261 -0.0000152 -0.0000178 -0.0000108 -0.0000143 -0.0000246 -0.0000139 
0.0001205 -0.0000497 0.0000175 0.0000132 0.0000129 0.0000136 0.0000323 0.0000014 
-0.0000946 0.0000776 -0.0000181 -0.0000043 -0.0000151 -0.0000060 -0.0000354 0.0000087 
0.0000720 -0.0000885 0.0000198 -0.0000024 0.0000197 0.0000036 0.0000269 -0.0000203 
-0.0000344 0.0000934 -0.0000158 0.0000053 -0.0000189 -0.0000013 -0.0000202 0.0000342 
0.0000050 -0.0001048 0.0000108 -0.0000121 0.0000182 -0.0000062 0.0000128 -0.0000423 
0.0000186 0.0000912 -0.0000093 0.0000142 -0.0000199 0.0000089 0.0000027 0.0000471 
-0.0000460 -0.0000708 0.0000005 -0.0000145 0.0000137 -0.0000120 -0.0000098 -0.0000478 
0.0000598 0.0000540 0.0000050 0.0000172 -0.0000122 0.0000173 0.0000267 0.0000431 
-0.0000581 -0.0000247 -0.0000094 -0.0000130 0.0000101 -0.0000176 -0.0000436 -0.0000411 
0.0000624 -0.0000002 0.0000161 0.0000086 -0.0000026 0.0000193 0.0000534 0.0000300 
-0.0000419 0.0000180 -0.0000189 -0.0000053 0.0000007 -0.0000221 -0.0000685 -0.0000116 
0.0000266 -0.0000440 0.0000178 -0.0000033 0.0000014 0.0000200 0.0000771 -0.0000067 
-0.0000156 0.0000501 -0.0000190 0.0000101 -0.0000087 -0.0000193 -0.0000755 0.0000252 
-0.0000128 -0.0000445 0.0000144 -0.0000121 0.0000098 0.0000204 0.0000715 -0.0000492 
0.0000358 0.0000439 -0.0000098 0.0000205 -0.0000129 -0.0000142 -0.0000562 0.0000636 
-0.0000496 -0.0000276 0.0000072 -0.0000224 0.0000178 0.0000135 0.0000385 -0.0000837 
0.0000706 -0.0000030 0.0000014 0.0000235 -0.0000177 -0.0000114 -0.0000205 0.0000969 
-0.0000756 0.0000191 -0.0000075 -0.0000255 0.0000203 0.0000041 -0.0000014 -0.0000995 
0.0000664 -0.0000599 0.0000125 0.0000227 -0.0000229 -0.0000034 0.0000324 0.0001074 
-0.0000647 0.0000786 -0.0000211 -0.0000169 0.0000207 0.0000008 -0.0000578 -0.0001025 
0.0000362 -0.0000896 0.0000259 0.0000133 -0.0000214 0.0000060 0.0000832 0.0000853 
-0.0000030 0.0001095 -0.0000252 -0.0000046 0.0000226 -0.0000070 -0.0001058 -0.0000682 
-0.0000195 -0.0001135 0.0000300 -0.0000024 -0.0000169 0.0000114 0.0001224 0.0000341 
0.0000579 0.0001032 -0.0000266 0.0000066 0.0000167 -0.0000165 -0.0001338 -0.0000035 
-0.0000952 -0.0001038 0.0000232 -0.0000150 -0.0000149 0.0000169 0.0001335 -0.0000271 
0.0001098 0.0000740 -0.0000214 0.0000192 0.0000073 -0.0000208 -0.0001226 0.0000602 
-0.0001441 -0.0000423 0.0000149 -0.0000217 -0.0000069 0.0000237 0.0001153 -0.0000917 
0.0001435 0.0000167 -0.0000077 0.0000272 0.0000033 -0.0000213 -0.0000912 0.0001153 
-0.0001410 0.0000295 0.0000031 -0.0000278 0.0000038 0.0000233 0.0000581 -0.0001372 
0.0001370 -0.0000716 0.0000053 0.0000237 -0.0000052 -0.0000241 -0.0000278 0.0001501 
-0.0001135 0.0000917 -0.0000102 -0.0000250 0.0000106 0.0000186 -0.0000175 -0.0001551 
0.0000786 -0.0001254 0.0000122 0.0000185 -0.0000156 -0.0000187 0.0000525 0.0001505 
-0.0000638 0.0001458 -0.0000165 -0.0000144 0.0000163 0.0000156 -0.0000863 -0.0001311 
0.0000193 -0.0001398 0.0000171 0.0000120 -0.0000211 -0.0000080 0.0001178 0.0001042 
0.0000143 0.0001532 -0.0000161 -0.0000062 0.0000231 0.0000070 -0.0001392 -0.0000799 
-0.0000401 -0.0001320 0.0000186 0.0000020 -0.0000202 -0.0000028 0.0001487 0.0000420 
0.0000824 0.0001114 -0.0000170 -0.0000010 0.0000222 -0.0000044 -0.0001557 0.0000005 
-0.0001054 -0.0000958 0.0000131 -0.0000043 -0.0000217 0.0000054 0.0001492 -0.0000344 
0.0001096 0.0000593 -0.0000142 0.0000047 0.0000156 -0.0000113 -0.0001391 0.0000754 
-0.0001251 -0.0000223 0.0000095 -0.0000034 -0.0000150 0.0000156 0.0001157 -0.0001022 
0.0001201 0.0000111 -0.0000087 0.0000052 0.0000108 -0.0000154 -0.0000826 0.0001260 
-0.0001024 0.0000269 0.0000098 -0.0000038 -0.0000032 0.0000195 0.0000468 -0.0001425 
0.0001013 -0.0000392 -0.0000081 0.0000025 0.0000022 -0.0000195 -0.0000136 0.0001408 
-0.0000730 0.0000533 0.0000090 -0.0000058 0.0000021 0.0000152 -0.0000239 -0.0001334 
0.0000526 -0.0000767 -0.0000115 0.0000067 -0.0000085 -0.0000161 0.0000588 0.0001234 
-0.0000480 0.0000779 0.0000086 -0.0000067 0.0000080 0.0000137 -0.0000833 -0.0000993 
0.0000179 -0.0000727 -0.0000108 0.0000115 -0.0000131 -0.0000069 0.0001043 0.0000775 
0.0000060 0.0000785 0.0000115 -0.0000113 0.0000150 0.0000056 -0.0001117 -0.0000451 
0.0000005 -0.0000630 -0.0000085 0.0000152 -0.0000126 -0.0000009 0.0001157 0.0000131 
0.0000245 0.0000471 0.0000075 -0.0000192 0.0000149 -0.0000059 -0.0001132 0.0000175 
-0.0000175 -0.0000507 -0.0000052 0.0000207 -0.0000124 0.0000061 0.0000917 -0.0000409 
0.0000236 0.0000317 -0.0000028 -0.0000236 0.0000059 -0.0000097 -0.0000729 0.0000631 
-0.0000382 -0.0000280 0.0000080 0.0000261 -0.0000053 0.0000136 0.0000536 -0.0000786 
0.0000350 0.0000350 -0.0000127 -0.0000214 0.0000014 -0.0000106 -0.0000260 0.0000843 
-0.0000344 -0.0000160 0.0000213 0.0000214 0.0000054 0.0000139 0.0000086 -0.0000803 
0.0000485 0.0000092 -0.0000235 -0.0000172 -0.0000068 -0.0000129 0.0000166 0.0000712 
-0.0000347 -0.0000220 0.0000280 0.0000097 0.0000110 0.0000078 -0.0000323 -0.0000618 
0.0000364 -0.0000055 -0.0000315 -0.0000047 -0.0000163 -0.0000083 0.0000439 0.0000462 
-0.0000440 -0.0000054 0.0000309 -0.0000026 0.0000146 0.0000031 -0.0000538 -0.0000208 
0.0000367 -0.0000086 -0.0000309 0.0000132 -0.0000169 0.0000049 0.0000533 0.0000055 
-0.0000436 0.0000255 0.0000288 -0.0000203 0.0000174 -0.0000062 -0.0000499 0.0000083 
0.0000505 -0.0000291 -0.0000192 0.0000256 -0.0000121 0.0000110 0.0000395 -0.0000234 
-0.0000286 0.0000413 0.0000149 -0.0000326 0.0000134 -0.0000171 -0.0000242 0.0000266 
0.0000201 -0.0000685 -0.0000056 0.0000323 -0.0000088 0.0000180 0.0000119 -0.0000373 
-0.0000229 0.0000549 -0.0000043 -0.0000319 0.0000022 -0.0000210 -0.0000013 0.0000323 
-0.0000188 -0.0000588 0.0000110 0.0000304 -0.0000012 0.0000240 -0.0000100 -0.0000281 
0.0000198 0.0000616 -0.0000183 -0.0000237 -0.0000056 -0.0000205 0.0000253 0.0000265 
-0.0000406 -0.0000470 0.0000263 0.0000188 0.0000143 0.0000211 -0.0000275 -0.0000164 
0.0000639 0.0000469 -0.0000290 -0.0000120 -0.0000154 -0.0000185 0.0000275 0.0000046 
-0.0000630 -0.0000372 0.0000298 0.0000001 0.0000201 0.0000115 -0.0000269 0.0000039 
0.0000748 0.0000007 -0.0000300 0.0000066 -0.0000247 -0.0000109 0.0000196 -0.0000188 
-0.0000996 0.0000122 0.0000229 -0.0000151 0.0000239 0.0000048 -0.0000210 0.0000187 
0.0000704 -0.0000275 -0.0000166 0.0000226 -0.0000256 0.0000026 0.0000061 -0.0000209 
-0.0000653 0.0000726 0.0000097 -0.0000246 0.0000266 -0.0000035 -0.0000020 0.0000219 
0.0000463 -0.0000768 0.0000014 0.0000261 -0.0000213 0.0000111 0.0000043 -0.0000219 
-0.0000169 0.0000909 -0.0000079 -0.0000261 0.0000208 -0.0000187 0.0000019 0.0000189 
0.0000026 -0.0001042 0.0000142 0.0000212 -0.0000165 0.0000186 -0.0000068 -0.0000134 
0.0000203 0.0000795 -0.0000238 -0.0000152 0.0000087 -0.0000228 0.0000065 0.0000097 
-0.0000582 -0.0000774 0.0000259 0.0000079 -0.0000077 0.0000252 -0.0000138 -0.0000077 
0.0000642 0.0000835 -0.0000280 0.0000035 0.0000017 -0.0000228 0.0000032 0.0000127 
-0.0000823 -0.0000303 0.0000284 -0.0000125 0.0000053 0.0000233 -0.0000032 -0.0000070 
0.0001106 0.0000203 -0.0000228 0.0000204 -0.0000053 -0.0000225 0.0000028 0.0000124 
-0.0000961 0.0000130 0.0000155 -0.0000300 0.0000115 0.0000162 -0.0000040 -0.0000252 
0.0000935 -0.0000497 -0.0000084 0.0000321 -0.0000172 -0.0000162 0.0000117 0.0000262 
-0.0000814 0.0000577 -0.0000025 -0.0000326 0.0000153 0.0000111 -0.0000175 -0.0000275 
0.0000370 -0.0000729 0.0000117 0.0000355 -0.0000182 -0.0000037 0.0000252 0.0000278 
-0.0000223 0.0000944 -0.0000212 -0.0000290 0.0000178 0.0000041 -0.0000405 -0.0000155 
0.0000098 -0.0000719 0.0000312 0.0000240 -0.0000142 0.0000002 0.0000524 0.0000208 
0.0000403 0.0000765 -0.0000372 -0.0000173 0.0000138 -0.0000051 -0.0000572 -0.0000037 
-0.0000349 -0.0000713 0.0000410 0.0000060 -0.0000117 0.0000024 0.0000685 -0.0000097 
0.0000602 0.0000445 -0.0000439 0.0000053 0.0000066 -0.0000068 -0.0000773 0.0000229 
-0.0000736 -0.0000295 0.0000398 -0.0000151 -0.0000077 0.0000091 0.0000741 -0.0000513 
0.0000622 0.0000043 -0.0000328 0.0000259 0.0000039 -0.0000054 -0.0000661 0.0000708 
-0.0000588 0.0000422 0.0000296 -0.0000329 0.0000017 0.0000068 0.0000476 -0.0000947 
0.0000525 -0.0000438 -0.0000180 0.0000391 0.0000017 -0.0000042 -0.0000175 0.0001156 
0.0000003 0.0000513 0.0000093 -0.0000432 0.0000002 0.0000009 0.0000018 -0.0001213 
-0.0000032 -0.0000742 -0.0000008 0.0000441 -0.0000013 -0.0000005 0.0000392 0.0001238 
0.0000213 0.0000349 -0.0000107 -0.0000420 -0.0000042 -0.0000014 -0.0000708 -0.0001190 
-0.0000466 -0.0000342 0.0000195 0.0000396 0.0000022 0.0000044 0.0000936 0.0001079 
0.0000470 0.0000185 -0.0000270 -0.0000315 -0.0000022 -0.0000004 -0.0001296 -0.0000838 
-0.0000613 0.0000145 0.0000340 0.0000221 0.0000073 0.0000024 0.0001536 0.0000518 
0.0000753 -0.0000234 -0.0000362 -0.0000166 -0.0000063 -0.0000044 -0.0001702 -0.0000066 
-0.0000470 0.0000423 0.0000370 0.0000061 0.0000093 -0.0000020 0.0001815 -0.0000396 
0.0000366 -0.0000947 -0.0000373 0.0000008 -0.0000123 0.0000025 -0.0001594 0.0000757 
-0.0000234 0.0000856 0.0000344 -0.0000060 0.0000111 -0.0000037 0.0001417 -0.0001264 
-0.0000369 -0.0000935 -0.0000300 0.0000143 -0.0000121 0.0000123 -0.0001050 0.0001601 
0.0000586 0.0000900 0.0000274 -0.0000180 0.0000121 -0.0000104 0.0000638 -0.0001737 
-0.0000849 -0.0000586 -0.0000202 0.0000217 -0.0000058 0.0000122 -0.0000213 0.0001907 
0.0001104 0.0000429 0.0000130 -0.0000255 0.0000058 -0.0000175 -0.0000311 -0.0001942 
-0.0000976 -0.0000263 -0.0000101 0.0000240 -0.0000047 0.0000151 0.0000846 0.0001862 
0.0001039 -0.0000208 0.0000047 -0.0000240 -0.0000028 -0.0000182 -0.0001277 -0.0001675 
-0.0001222 0.0000385 -0.0000011 0.0000237 0.0000050 0.0000197 0.0001607 0.0001160 
0.0000838 -0.0000674 0.0000001 -0.0000211 -0.0000070 -0.0000165 -0.0001910 -0.0000736 
-0.0000755 0.0001180 0.0000051 0.0000185 0.0000164 0.0000164 0.0002040 0.0000172 
0.0000411 -0.0001255 -0.0000054 -0.0000197 -0.0000135 -0.0000151 -0.0001873 0.0000342 
0.0000085 0.0001388 0.0000081 0.0000157 0.0000160 0.0000066 0.0001709 -0.0000779 
-0.0000356 -0.0001311 -0.0000120 -0.0000126 -0.0000200 -0.0000065 -0.0001441 0.0001216 
0.0000629 0.0000917 0.0000097 0.0000133 0.0000151 0.0000046 0.0001101 -0.0001520 
-0.0000987 -0.0000742 -0.0000124 -0.0000105 -0.0000187 0.0000024 -0.0000708 0.0001678 
0.0000970 0.0000502 0.0000138 0.0000095 0.0000195 -0.0000032 0.0000085 -0.0001770 
-0.0001133 -0.0000044 -0.0000129 -0.0000106 -0.0000154 0.0000042 0.0000322 0.0001666 
0.0001175 -0.0000094 0.0000140 0.0000063 0.0000170 -0.0000122 -0.0000811 -0.0001515 
-0.0001110 0.0000472 -0.0000178 -0.0000056 -0.0000150 0.0000083 0.0001163 0.0001078 
0.0000916 -0.0000753 0.0000160 0.0000028 0.0000073 -0.0000104 -0.0001376 -0.0000652 
-0.0000586 0.0001005 -0.0000150 0.0000043 -0.0000092 0.0000142 0.0001456 0.0000289 
0.0000030 -0.0001042 0.0000177 -0.0000014 0.0000096 -0.0000079 -0.0001309 0.0000160 
0.0000213 0.0001113 -0.0000154 0.0000071 -0.0000041 0.0000139 0.0001179 -0.0000444 
-0.0000550 -0.0000762 0.0000135 -0.0000090 0.0000040 -0.0000145 -0.0000987 0.0000912 
0.0000903 0.0000635 -0.0000147 0.0000087 -0.0000039 0.0000124 0.0000586 -0.0001049 
-0.0000785 -0.0000381 0.0000094 -0.0000115 -0.0000031 -0.0000175 -0.0000288 0.0001148 
0.0000937 0.0000131 -0.0000091 0.0000144 -0.0000013 0.0000157 -0.0000191 -0.0001191 
-0.0000836 0.0000132 0.0000051 -0.0000133 -0.0000026 -0.0000088 0.0000578 0.0001099 
0.0000810 -0.0000520 0.0000022 0.0000125 0.0000067 0.0000137 -0.0000797 -0.0000745 
-0.0000644 0.0000800 0.0000007 -0.0000150 -0.0000013 -0.0000154 0.0001016 0.0000295 
0.0000461 -0.0000961 0.0000029 0.0000104 0.0000088 0.0000100 -0.0001040 -0.0000005 
-0.0000027 0.0001074 -0.0000050 -0.0000097 -0.0000122 -0.0000118 0.0001061 -0.0000219 
-0.0000320 -0.0001065 0.0000016 0.0000103 0.0000107 0.0000108 -0.0000922 0.0000679 
0.0000511 0.0000769 -0.0000056 -0.0000047 -0.0000202 -0.0000027 0.0000571 -0.0000774 
-0.0000677 -0.0000457 0.0000056 0.0000062 0.0000170 0.0000065 -0.0000416 0.0001075 
0.0000852 0.0000247 -0.0000036 -0.0000038 -0.0000112 -0.0000010 0.0000167 -0.0001127 
-0.0000839 -0.0000081 0.0000024 -0.0000023 0.0000166 -0.0000052 0.0000380 0.0001016 
0.0000902 -0.0000037 -0.0000041 -0.0000038 -0.0000163 0.0000010 -0.0000761 -0.0000999 
-0.0000814 0.0000215 0.0000002 0.0000033 0.0000101 -0.0000089 0.0000973 0.0000687 
0.0000719 -0.0000428 -0.0000008 -0.0000017 -0.0000108 0.0000134 -0.0001011 -0.0000430 
-0.0000479 0.0000551 0.0000024 0.0000083 0.0000075 -0.0000099 0.0001138 0.0000184 
0.0000243 -0.0000558 0.0000019 -0.0000047 0.0000023 0.0000195 -0.0001031 0.0000353 
0.0000107 0.0000484 0.0000036 0.0000061 0.0000014 -0.0000136 0.0001063 -0.0000428 
-0.0000176 -0.0000512 -0.0000032 -0.0000079 0.0000064 0.0000054 -0.0000818 0.0000601 
0.0000179 0.0000188 -0.0000022 0.0000073 -0.0000111 -0.0000089 0.0000544 -0.0001044 
-0.0000100 -0.0000265 -0.0000079 -0.0000076 0.0000039 0.0000030 -0.0000480 0.0001123 
-0.0000021 0.0000083 0.0000071 0.0000094 -0.0000112 0.0000031 -0.0000012 -0.0001131 
0.0000127 -0.0000013 -0.0000072 -0.0000063 0.0000122 -0.0000021 0.0000262 0.0000979 
-0.0000174 0.0000039 0.0000164 0.0000060 -0.0000029 0.0000075 -0.0000321 -0.0000780 
0.0000336 -0.0000033 -0.0000117 -0.0000077 0.0000109 -0.0000149 0.0000824 0.0000627 
-0.0000358 -0.0000162 0.0000136 0.0000008 0.0000005 0.0000108 -0.0000626 -0.0000499 
0.0000280 -0.0000187 -0.0000168 0.0000005 -0.0000118 -0.0000157 0.0000689 0.0000152 
-0.0000723 0.0000338 0.0000132 0.0000056 0.0000097 0.0000167 -0.0000904 -0.0000001 
0.0000393 -0.0000724 -0.0000165 0.0000083 -0.0000200 -0.0000017 0.0000618 0.0000079 
-0.0000485 0.0000952 0.0000167 -0.0000068 0.0000231 0.0000066 -0.0000737 0.0000364 
0.0000250 -0.0001271 -0.0000147 0.0000072 -0.0000227 -0.0000026 0.0000384 -0.0000516 
0.0000137 0.0001406 0.0000151 -0.0000184 0.0000249 -0.0000111 -0.0000110 0.0000388 
-0.0000410 -0.0001407 -0.0000165 0.0000118 -0.0000268 0.0000056 0.0000120 -0.0000656 
0.0000632 0.0001296 0.0000089 -0.0000159 0.0000191 -0.0000210 0.0000032 0.0000262 
-0.0001192 -0.0001097 -0.0000070 0.0000205 -0.0000233 0.0000344 -0.0000312 -0.0000302 
0.0001403 0.0001168 0.0000133 -0.0000156 0.0000161 -0.0000307 0.0000077 0.0000376 
-0.0001862 -0.0000588 0.0000012 0.0000226 0.0000041 0.0000415 0.0000126 0.0000005 
0.0002102 0.0000576 0.0000019 -0.0000263 -0.0000013 -0.0000427 0.0000193 0.0000298 
-0.0002250 -0.0000072 0.0000026 0.0000228 0.0000116 0.0000361 -0.0000318 -0.0000052 
0.0002466 -0.0000799 -0.0000164 -0.0000300 -0.0000282 -0.0000381 0.0000172 -0.0000323 
-0.0002080 0.0000969 0.0000064 0.0000265 0.0000176 0.0000287 -0.0000310 -0.0000150 
0.0001577 -0.0001581 -0.0000153 -0.0000206 -0.0000389 -0.0000201 -0.0000100 -0.0000202 
-0.0001383 0.0002086 0.0000234 0.0000192 0.0000512 0.0000217 -0.0000162 0.0000266 
0.0001037 -0.0002081 -0.0000187 -0.0000282 -0.0000416 -0.0000119 0.0000194 0.0000170 
-0.0000708 0.0002654 0.0000315 0.0000108 0.0000506 -0.0000115 0.0000241 -0.0000094 
0.0000444 -0.0002538 -0.0000373 -0.0000117 -0.0000497 0.0000105 0.0000367 0.0000013 
0.0000078 0.0002663 0.0000320 0.0000050 0.0000368 -0.0000198 -0.0000177 0.0000288 
-0.0000839 -0.0002818 -0.0000468 0.0000128 -0.0000418 0.0000363 -0.0000234 -0.0000515 
0.0001103 0.0002346 0.0000402 0.0000015 0.0000241 -0.0000156 -0.0000319 0.0000471 
-0.0001803 -0.0001847 -0.0000326 0.0000167 -0.0000150 0.0000429 -0.0000462 -0.0000108 
0.0002168 0.0001888 0.0000317 -0.0000277 0.0000241 -0.0000510 0.0000402 0.0000557 
-0.0001791 -0.0001330 -0.0000410 0.0000159 -0.0000135 0.0000343 -0.0000079 -0.0000405 
0.0002964 0.0001463 0.0000229 -0.0000423 -0.0000068 -0.0000556 0.0000573 -0.0000404 
-0.0002258 -0.0001105 -0.0000272 0.0000465 -0.0000019 0.0000468 -0.0000475 -0.0000674 
0.0002808 0.0000865 0.0000124 -0.0000366 -0.0000128 -0.0000285 0.0000931 0.0000416 
-0.0003603 -0.0000522 0.0000052 0.0000706 0.0000266 0.0000507 -0.0001934 0.0000597 
0.0003238 -0.0000402 0.0000127 -0.0000511 0.0000049 -0.0000216 0.0001288 0.0000050 
-0.0002951 0.0001034 0.0000096 0.0000441 0.0000277 0.0000233 -0.0001332 0.0001633 
0.0003341 -0.0002049 -0.0000284 -0.0000529 -0.0000424 -0.0000478 0.0001450 -0.0001538 
-0.0003064 0.0001243 -0.0000004 0.0000671 0.0000128 0.0000426 -0.0000907 0.0001779 
0.0004146 -0.0002836 -0.0000574 -0.0000458 -0.0000677 -0.0000192 -0.0000566 -0.0003336 
