%19-Mar-2019 14:46:46
%Comment: Enter a comment
%--------------------------------------------- 
%                   Setup 
%--------------------------------------------- 
%Number of measurements stored in this file: 1
%Center Frequency: 1.5GHz
%Center Frequency: 1.5GHz
%Number of Averages: 1 
%Start Pos: 0 degrees
%Stop Pos: 0 degrees
%Polarizations in order: VVVHHVHH 
%Columns of real and imaginary data. Col 1 = real, col 2 = imaginary. If more than 2 columns, odd columns are real and even columns are imaginary. 
%Az: 0 ================== 
-0.0011377 0.0011568 -0.0003170 -0.0000132 -0.0002544 -0.0003166 -0.0011196 0.0011873 
0.0002747 -0.0016670 0.0001530 -0.0000984 0.0001719 0.0001532 0.0002413 -0.0016346 
0.0001664 0.0016108 -0.0001272 0.0001651 -0.0002006 -0.0000652 0.0001717 0.0015216 
-0.0006676 -0.0014424 0.0000831 -0.0001557 0.0002099 0.0000418 -0.0006387 -0.0013418 
0.0009396 0.0010924 0.0000017 0.0001590 -0.0001423 0.0000359 0.0008860 0.0010428 
-0.0011487 -0.0007081 -0.0000102 -0.0001658 0.0001574 -0.0000783 -0.0011048 -0.0006897 
0.0012422 0.0003395 0.0000410 0.0001132 -0.0001198 0.0000638 0.0012136 0.0003471 
-0.0011635 -0.0000086 -0.0000906 -0.0001012 0.0000725 -0.0001113 -0.0011463 -0.0000324 
0.0009727 -0.0002770 0.0000637 0.0001008 -0.0000951 0.0001432 0.0009408 -0.0002584 
-0.0009503 0.0005960 -0.0000972 -0.0000245 0.0000204 -0.0001091 -0.0009031 0.0005736 
0.0007384 -0.0008175 0.0001151 0.0000055 0.0000298 0.0001108 0.0006661 -0.0007827 
-0.0004661 0.0009947 -0.0000895 0.0000207 -0.0000329 -0.0000990 -0.0004025 0.0009370 
0.0001335 -0.0010743 0.0000849 -0.0000725 0.0000803 0.0000458 0.0001059 -0.0010026 
0.0002083 0.0010169 -0.0000669 0.0000600 -0.0000875 -0.0000470 0.0001997 0.0009441 
-0.0004804 -0.0009103 0.0000186 -0.0000729 0.0000628 0.0000120 -0.0004375 -0.0008558 
0.0007060 0.0006571 -0.0000065 0.0000868 -0.0000789 0.0000184 0.0006497 0.0006146 
-0.0008924 -0.0003548 -0.0000089 -0.0000506 0.0000740 0.0000016 -0.0008345 -0.0003216 
0.0009382 0.0001855 0.0000523 0.0000594 -0.0000439 0.0000455 0.0008781 0.0001618 
-0.0009273 0.0000823 -0.0000551 -0.0000522 0.0000355 -0.0000674 -0.0008729 0.0001061 
0.0008918 -0.0003284 0.0000681 0.0000197 -0.0000131 0.0000591 0.0008351 -0.0003408 
-0.0007582 0.0005772 -0.0000882 -0.0000089 -0.0000254 -0.0000795 -0.0006974 0.0005598 
0.0005624 -0.0007985 0.0000630 -0.0000155 0.0000294 0.0000651 0.0005114 -0.0007540 
-0.0003192 0.0009074 -0.0000607 0.0000501 -0.0000546 -0.0000353 -0.0002871 0.0008407 
0.0000135 -0.0009924 0.0000540 -0.0000573 0.0000695 0.0000323 -0.0000055 -0.0009195 
0.0002844 0.0010005 -0.0000113 0.0000709 -0.0000475 -0.0000084 0.0002866 0.0009336 
-0.0005039 -0.0008465 0.0000065 -0.0000888 0.0000703 -0.0000200 -0.0004930 -0.0007919 
0.0007178 0.0006642 0.0000104 0.0000781 -0.0000734 0.0000302 0.0007018 0.0006229 
-0.0008692 -0.0004675 -0.0000441 -0.0000753 0.0000504 -0.0000537 -0.0008461 -0.0004358 
0.0009744 0.0002185 0.0000512 0.0000719 -0.0000533 0.0000772 0.0009420 0.0001876 
-0.0010378 0.0000458 -0.0000727 -0.0000389 0.0000262 -0.0000782 -0.0009874 0.0000679 
0.0009794 -0.0003295 0.0000946 0.0000267 0.0000079 0.0000938 0.0009185 -0.0003393 
-0.0008987 0.0006033 -0.0000922 -0.0000067 -0.0000207 -0.0000929 -0.0008432 0.0006012 
0.0007650 -0.0008384 0.0000995 -0.0000407 0.0000536 0.0000587 0.0007178 -0.0008254 
-0.0004603 0.0009805 -0.0000969 0.0000453 -0.0000736 -0.0000694 -0.0004255 0.0009593 
0.0001811 -0.0010835 0.0000732 -0.0000665 0.0000830 0.0000539 0.0001621 -0.0010552 
0.0001016 0.0010816 -0.0000579 0.0000918 -0.0001001 -0.0000215 0.0001091 0.0010518 
-0.0003818 -0.0010415 0.0000394 -0.0000944 0.0001089 0.0000126 -0.0003887 -0.0010136 
0.0006171 0.0009335 -0.0000029 0.0001079 -0.0001013 0.0000218 0.0006210 0.0008953 
-0.0008558 -0.0007404 -0.0000163 -0.0001154 0.0001048 -0.0000571 -0.0008533 -0.0006970 
0.0010318 0.0005318 0.0000405 0.0001009 -0.0000885 0.0000724 0.0010228 0.0004931 
-0.0011323 -0.0002680 -0.0000797 -0.0000966 0.0000519 -0.0001035 -0.0011151 -0.0002388 
0.0011706 -0.0000571 0.0000885 0.0000808 -0.0000414 0.0001176 0.0011506 -0.0000740 
-0.0011320 0.0003513 -0.0001057 -0.0000487 0.0000146 -0.0001192 -0.0011067 0.0003538 
0.0010004 -0.0006230 0.0001222 0.0000256 0.0000243 0.0001260 0.0009783 -0.0006197 
-0.0008238 0.0008473 -0.0001155 0.0000040 -0.0000401 -0.0001183 -0.0008038 0.0008448 
0.0006086 -0.0010114 0.0001209 -0.0000420 0.0000768 0.0000986 0.0005839 -0.0010111 
-0.0003385 0.0011435 -0.0001136 0.0000622 -0.0001070 -0.0000885 -0.0003097 0.0011438 
0.0000765 -0.0011994 0.0000889 -0.0000871 0.0001185 0.0000586 0.0000502 -0.0011931 
0.0002100 0.0011595 -0.0000739 0.0001168 -0.0001433 -0.0000149 0.0002320 0.0011488 
-0.0005103 -0.0010991 0.0000458 -0.0001215 0.0001431 -0.0000085 -0.0005240 -0.0010854 
0.0007582 0.0009526 -0.0000068 0.0001308 -0.0001318 0.0000433 0.0007617 0.0009318 
-0.0009767 -0.0007390 -0.0000211 -0.0001343 0.0001226 -0.0000813 -0.0009741 -0.0007177 
0.0011101 0.0004884 0.0000539 0.0001181 -0.0000981 0.0000985 0.0011083 0.0004706 
-0.0011854 -0.0002171 -0.0000888 -0.0001106 0.0000664 -0.0001286 -0.0011879 -0.0001957 
0.0012155 -0.0000700 0.0001070 0.0000876 -0.0000413 0.0001472 0.0012185 -0.0000944 
-0.0011599 0.0003360 -0.0001252 -0.0000534 0.0000005 -0.0001473 -0.0011557 0.0003605 
0.0010341 -0.0006030 0.0001412 0.0000288 0.0000448 0.0001552 0.0010211 -0.0006240 
-0.0008882 0.0008393 -0.0001367 0.0000068 -0.0000736 -0.0001388 -0.0008687 0.0008508 
0.0006714 -0.0010235 0.0001323 -0.0000478 0.0001066 0.0001098 0.0006481 -0.0010265 
-0.0004119 0.0011612 -0.0001218 0.0000747 -0.0001370 -0.0000857 -0.0003884 0.0011566 
0.0001240 -0.0012137 0.0000937 -0.0001059 0.0001458 0.0000451 0.0001045 -0.0012051 
0.0001608 0.0012025 -0.0000718 0.0001312 -0.0001596 -0.0000034 0.0001763 0.0011978 
-0.0004336 -0.0011423 0.0000368 -0.0001392 0.0001581 -0.0000300 -0.0004470 -0.0011383 
0.0006784 0.0009994 0.0000034 0.0001445 -0.0001412 0.0000725 0.0006904 0.0009912 
-0.0008959 -0.0007996 -0.0000302 -0.0001424 0.0001318 -0.0001117 -0.0009037 -0.0007863 
0.0010679 0.0005983 0.0000689 0.0001238 -0.0000941 0.0001345 0.0010667 0.0005801 
-0.0011792 -0.0003364 -0.0001032 -0.0001045 0.0000519 -0.0001549 -0.0011729 -0.0003173 
0.0012345 0.0000570 0.0001237 0.0000784 -0.0000154 0.0001676 0.0012232 0.0000409 
-0.0012079 0.0002428 -0.0001415 -0.0000407 -0.0000315 -0.0001596 -0.0011928 0.0002528 
0.0011178 -0.0005217 0.0001504 0.0000087 0.0000731 0.0001518 0.0011081 -0.0005228 
-0.0009687 0.0007656 -0.0001438 0.0000304 -0.0001029 -0.0001286 -0.0009648 0.0007617 
0.0007582 -0.0009699 0.0001324 -0.0000702 0.0001362 0.0000952 0.0007577 -0.0009667 
-0.0005116 0.0011253 -0.0001111 0.0000952 -0.0001578 -0.0000662 -0.0005094 0.0011213 
0.0002462 -0.0012202 0.0000786 -0.0001225 0.0001649 0.0000207 0.0002408 -0.0012124 
0.0000441 0.0012488 -0.0000473 0.0001419 -0.0001661 0.0000258 0.0000490 0.0012400 
-0.0003371 -0.0012128 0.0000120 -0.0001472 0.0001569 -0.0000626 -0.0003384 -0.0012021 
0.0006285 0.0011041 0.0000274 0.0001482 -0.0001309 0.0001049 0.0006242 0.0010947 
-0.0008778 -0.0009244 -0.0000598 -0.0001374 0.0001037 -0.0001353 -0.0008654 -0.0009210 
0.0010719 0.0006913 0.0000936 0.0001145 -0.0000654 0.0001508 0.0010543 0.0006971 
-0.0012111 -0.0004127 -0.0001223 -0.0000885 0.0000224 -0.0001651 -0.0011978 -0.0004269 
0.0012822 0.0001132 0.0001361 0.0000549 0.0000121 0.0001648 0.0012734 0.0001299 
-0.0012789 0.0001864 -0.0001471 -0.0000159 -0.0000565 -0.0001527 -0.0012752 0.0001728 
0.0012003 -0.0004849 0.0001486 -0.0000187 0.0000955 0.0001345 0.0012026 -0.0004717 
-0.0010549 0.0007554 -0.0001367 0.0000537 -0.0001219 -0.0001073 -0.0010623 0.0007434 
0.0008544 -0.0010032 0.0001208 -0.0000870 0.0001480 0.0000692 0.0008647 -0.0009911 
-0.0005908 0.0011836 -0.0000955 0.0001103 -0.0001597 -0.0000327 -0.0006064 0.0011687 
0.0002890 -0.0012941 0.0000637 -0.0001313 0.0001565 -0.0000089 0.0003116 -0.0012798 
0.0000283 0.0013351 -0.0000306 0.0001449 -0.0001511 0.0000492 -0.0000018 0.0013278 
-0.0003517 -0.0012954 -0.0000057 -0.0001449 0.0001322 -0.0000788 -0.0003206 -0.0012991 
0.0006458 0.0011775 0.0000426 0.0001393 -0.0001042 0.0001105 0.0006201 0.0011927 
-0.0009065 -0.0009902 -0.0000724 -0.0001267 0.0000755 -0.0001342 -0.0008888 -0.0010136 
0.0011165 0.0007503 0.0000990 0.0001024 -0.0000403 0.0001432 0.0011076 0.0007779 
-0.0012754 -0.0004767 -0.0001200 -0.0000775 0.0000008 -0.0001510 -0.0012742 -0.0005057 
0.0013596 0.0001585 0.0001316 0.0000464 0.0000330 0.0001451 0.0013608 0.0001844 
-0.0013638 0.0001714 -0.0001393 -0.0000128 -0.0000681 -0.0001270 -0.0013685 0.0001462 
0.0012914 -0.0004869 0.0001395 -0.0000192 0.0000973 0.0001077 0.0013014 -0.0004612 
-0.0011448 0.0007864 -0.0001287 0.0000517 -0.0001140 -0.0000778 -0.0011631 0.0007646 
0.0009296 -0.0010274 0.0001133 -0.0000805 0.0001301 0.0000457 0.0009562 -0.0010134 
-0.0006585 0.0012158 -0.0000932 0.0001022 -0.0001380 -0.0000147 -0.0006881 0.0012105 
0.0003577 -0.0013385 0.0000649 -0.0001185 0.0001321 -0.0000184 0.0003876 -0.0013436 
-0.0000481 0.0013860 -0.0000369 0.0001296 -0.0001251 0.0000508 -0.0000738 0.0013990 
-0.0002766 -0.0013650 0.0000069 -0.0001323 0.0001083 -0.0000760 -0.0002602 -0.0013810 
0.0005856 0.0012677 0.0000237 0.0001300 -0.0000825 0.0001003 0.0005769 0.0012820 
-0.0008588 -0.0011020 -0.0000507 -0.0001227 0.0000578 -0.0001163 -0.0008531 -0.0011137 
0.0010950 0.0008742 0.0000766 0.0001065 -0.0000268 0.0001213 0.0010918 0.0008867 
-0.0012620 -0.0006014 -0.0000995 -0.0000871 -0.0000045 -0.0001245 -0.0012609 -0.0006170 
0.0013620 0.0002905 0.0001144 0.0000641 0.0000310 0.0001204 0.0013649 0.0003061 
-0.0013930 0.0000228 -0.0001243 -0.0000357 -0.0000578 -0.0001054 -0.0014008 0.0000086 
0.0013410 -0.0003266 0.0001284 0.0000070 0.0000808 0.0000908 0.0013508 -0.0003165 
-0.0012398 0.0006204 -0.0001261 0.0000211 -0.0000971 -0.0000694 -0.0012492 0.0006184 
0.0010704 -0.0008805 0.0001181 -0.0000485 0.0001113 0.0000420 0.0010750 -0.0008846 
-0.0008481 0.0010912 -0.0001061 0.0000723 -0.0001178 -0.0000167 -0.0008456 0.0010969 
0.0005856 -0.0012527 0.0000866 -0.0000936 0.0001148 -0.0000124 0.0005794 -0.0012558 
-0.0002915 0.0013475 -0.0000642 0.0001120 -0.0001097 0.0000396 -0.0002862 0.0013448 
-0.0000199 -0.0013777 0.0000389 -0.0001220 0.0000985 -0.0000613 -0.0000236 -0.0013708 
0.0003201 0.0013416 -0.0000095 0.0001272 -0.0000789 0.0000821 0.0003207 0.0013315 
-0.0005988 -0.0012249 -0.0000193 -0.0001266 0.0000601 -0.0000982 -0.0005970 -0.0012143 
0.0008516 0.0010712 0.0000469 0.0001189 -0.0000365 0.0001076 0.0008509 0.0010600 
-0.0010620 -0.0008606 -0.0000726 -0.0001047 0.0000087 -0.0001148 -0.0010613 -0.0008465 
0.0012198 0.0006084 0.0000937 0.0000876 0.0000162 0.0001142 0.0012164 0.0005901 
-0.0013235 -0.0003339 -0.0001102 -0.0000632 -0.0000427 -0.0001050 -0.0013125 -0.0003150 
0.0013664 0.0000368 0.0001238 0.0000371 0.0000675 0.0000945 0.0013452 0.0000218 
-0.0013446 0.0002673 -0.0001273 -0.0000089 -0.0000847 -0.0000772 -0.0013171 0.0002730 
0.0012593 -0.0005515 0.0001262 -0.0000218 0.0001013 0.0000536 0.0012281 -0.0005468 
-0.0010978 0.0008095 -0.0001180 0.0000507 -0.0001110 -0.0000316 -0.0010683 0.0007952 
0.0009038 -0.0010300 0.0001024 -0.0000763 0.0001138 0.0000053 0.0008815 -0.0010095 
-0.0006614 0.0012004 -0.0000815 0.0000978 -0.0001139 0.0000224 -0.0006455 0.0011763 
0.0003828 -0.0013164 0.0000581 -0.0001132 0.0001065 -0.0000467 0.0003731 -0.0012913 
-0.0000947 0.0013700 -0.0000294 0.0001222 -0.0000912 0.0000714 -0.0000908 0.0013412 
-0.0002111 -0.0013648 -0.0000000 -0.0001271 0.0000740 -0.0000919 -0.0002060 -0.0013322 
0.0005097 0.0012931 0.0000283 0.0001209 -0.0000516 0.0001038 0.0004932 0.0012617 
-0.0007810 -0.0011563 -0.0000573 -0.0001104 0.0000241 -0.0001144 -0.0007530 -0.0011289 
0.0010223 0.0009510 0.0000810 0.0000943 0.0000004 0.0001169 0.0009865 0.0009330 
-0.0012097 -0.0007087 -0.0000997 -0.0000709 -0.0000274 -0.0001118 -0.0011700 -0.0007054 
0.0013379 0.0004259 0.0001136 0.0000444 0.0000535 0.0001041 0.0013015 0.0004370 
-0.0014040 -0.0001165 -0.0001185 -0.0000176 -0.0000749 -0.0000891 -0.0013759 -0.0001396 
0.0014004 -0.0001932 0.0001171 -0.0000120 0.0000942 0.0000672 0.0013803 -0.0001636 
-0.0013280 0.0005022 -0.0001115 0.0000381 -0.0001082 -0.0000454 -0.0013155 0.0004692 
0.0011934 -0.0007923 0.0000962 -0.0000613 0.0001131 0.0000190 0.0011895 -0.0007551 
-0.0009901 0.0010414 -0.0000777 0.0000828 -0.0001152 0.0000097 -0.0009964 0.0010029 
0.0007266 -0.0012487 0.0000570 -0.0000972 0.0001090 -0.0000335 0.0007447 -0.0012136 
-0.0004302 0.0013838 -0.0000305 0.0001055 -0.0000951 0.0000576 -0.0004617 0.0013540 
0.0001073 -0.0014476 0.0000045 -0.0001089 0.0000806 -0.0000786 0.0001509 -0.0014303 
0.0002285 0.0014386 0.0000194 0.0001034 -0.0000598 0.0000925 0.0001782 0.0014383 
-0.0005473 -0.0013528 -0.0000439 -0.0000934 0.0000342 -0.0001040 -0.0004983 -0.0013689 
0.0008416 0.0011979 0.0000617 0.0000809 -0.0000116 0.0001090 0.0008006 0.0012275 
-0.0010967 -0.0009821 -0.0000763 -0.0000609 -0.0000144 -0.0001050 -0.0010658 -0.0010215 
0.0012914 0.0007089 0.0000875 0.0000413 0.0000395 0.0000990 0.0012741 0.0007552 
-0.0014293 -0.0003927 -0.0000916 -0.0000212 -0.0000580 -0.0000855 -0.0014256 -0.0004430 
0.0014833 0.0000567 0.0000912 -0.0000015 0.0000751 0.0000663 0.0014931 0.0001088 
-0.0014571 0.0002846 -0.0000877 0.0000218 -0.0000877 -0.0000486 -0.0014828 0.0002328 
0.0013570 -0.0006158 0.0000766 -0.0000384 0.0000929 0.0000266 0.0013983 -0.0005696 
-0.0011789 0.0009084 -0.0000642 0.0000554 -0.0000961 -0.0000021 -0.0012341 0.0008746 
0.0009398 -0.0011529 0.0000506 -0.0000640 0.0000927 -0.0000161 0.0010034 -0.0011382 
-0.0006567 0.0013381 -0.0000322 0.0000712 -0.0000826 0.0000373 -0.0007200 0.0013435 
0.0003355 -0.0014493 0.0000166 -0.0000753 0.0000722 -0.0000551 0.0003940 -0.0014747 
0.0000062 0.0014933 -0.0000016 0.0000737 -0.0000556 0.0000657 -0.0000424 0.0015341 
-0.0003459 -0.0014535 -0.0000147 -0.0000704 0.0000361 -0.0000755 -0.0003103 -0.0015037 
0.0006670 0.0013344 0.0000282 0.0000653 -0.0000198 0.0000802 0.0006443 0.0013913 
-0.0009558 -0.0011499 -0.0000387 -0.0000544 0.0000015 -0.0000785 -0.0009458 -0.0012100 
0.0011891 0.0008988 0.0000503 0.0000444 0.0000176 0.0000762 0.0011958 0.0009600 
-0.0013591 -0.0006050 -0.0000539 -0.0000344 -0.0000295 -0.0000691 -0.0013831 -0.0006616 
0.0014578 0.0002854 0.0000587 0.0000197 0.0000442 0.0000569 0.0014983 0.0003306 
-0.0014788 0.0000479 -0.0000611 -0.0000095 -0.0000548 -0.0000472 -0.0015314 0.0000180 
0.0014307 -0.0003787 0.0000586 -0.0000017 0.0000589 0.0000322 0.0014882 -0.0003657 
-0.0013093 0.0006862 -0.0000569 0.0000141 -0.0000640 -0.0000162 -0.0013646 0.0006912 
0.0011194 -0.0009598 0.0000539 -0.0000235 0.0000642 0.0000045 0.0011662 -0.0009776 
-0.0008804 0.0011835 -0.0000457 0.0000324 -0.0000604 0.0000087 -0.0009165 0.0012103 
0.0005908 -0.0013437 0.0000392 -0.0000426 0.0000576 -0.0000221 0.0006163 -0.0013772 
-0.0002754 0.0014405 -0.0000312 0.0000459 -0.0000504 0.0000288 -0.0002906 0.0014776 
-0.0000465 -0.0014592 0.0000192 -0.0000516 0.0000409 -0.0000389 -0.0000434 -0.0015000 
0.0003633 0.0014071 -0.0000106 0.0000556 -0.0000343 0.0000461 0.0003737 0.0014464 
-0.0006593 -0.0012932 0.0000005 -0.0000538 0.0000228 -0.0000480 -0.0006806 -0.0013256 
0.0009208 0.0011164 0.0000118 0.0000543 -0.0000108 0.0000528 0.0009518 0.0011380 
-0.0011392 -0.0008862 -0.0000208 -0.0000525 0.0000033 -0.0000531 -0.0011728 -0.0008922 
0.0013009 0.0006219 0.0000311 0.0000452 0.0000073 0.0000504 0.0013317 0.0006130 
-0.0014006 -0.0003239 -0.0000419 -0.0000397 -0.0000179 -0.0000502 -0.0014238 -0.0003042 
0.0014374 0.0000103 0.0000462 0.0000313 0.0000233 0.0000451 0.0014518 -0.0000139 
-0.0014015 0.0002952 -0.0000533 -0.0000187 -0.0000334 -0.0000388 -0.0014091 0.0003217 
0.0012990 -0.0005893 0.0000569 0.0000095 0.0000406 0.0000348 0.0012974 -0.0006168 
-0.0011444 0.0008501 -0.0000553 0.0000027 -0.0000447 -0.0000248 -0.0011336 0.0008758 
0.0009342 -0.0010712 0.0000555 -0.0000157 0.0000516 0.0000146 0.0009149 -0.0010934 
-0.0006832 0.0012432 -0.0000526 0.0000253 -0.0000538 -0.0000072 -0.0006533 0.0012587 
0.0004072 -0.0013573 0.0000435 -0.0000364 0.0000535 -0.0000043 0.0003706 -0.0013626 
-0.0001082 0.0014114 -0.0000375 0.0000470 -0.0000561 0.0000161 -0.0000705 0.0014038 
-0.0001962 -0.0014068 0.0000263 -0.0000507 0.0000509 -0.0000239 -0.0002285 -0.0013870 
0.0004888 0.0013286 -0.0000126 0.0000574 -0.0000455 0.0000366 0.0005112 0.0013025 
-0.0007623 -0.0011916 0.0000023 -0.0000591 0.0000409 -0.0000461 -0.0007741 -0.0011611 
0.0009941 0.0010052 0.0000112 0.0000556 -0.0000287 0.0000533 0.0009977 0.0009745 
-0.0011822 -0.0007690 -0.0000239 -0.0000540 0.0000166 -0.0000625 -0.0011781 -0.0007399 
0.0013180 0.0004983 0.0000333 0.0000485 -0.0000058 0.0000653 0.0013088 0.0004710 
-0.0013911 -0.0002126 -0.0000438 -0.0000376 -0.0000097 -0.0000650 -0.0013769 -0.0001872 
0.0014048 -0.0000894 0.0000525 0.0000306 0.0000248 0.0000666 0.0013846 -0.0001088 
-0.0013593 0.0003850 -0.0000544 -0.0000171 -0.0000362 -0.0000582 -0.0013366 0.0003967 
0.0012434 -0.0006638 0.0000598 0.0000034 0.0000517 0.0000498 0.0012215 -0.0006649 
-0.0010698 0.0009162 -0.0000586 0.0000072 -0.0000618 -0.0000411 -0.0010536 0.0009102 
0.0008531 -0.0011222 0.0000534 -0.0000214 0.0000695 0.0000236 0.0008435 -0.0011139 
-0.0005915 0.0012743 -0.0000500 0.0000331 -0.0000778 -0.0000070 -0.0005894 0.0012668 
0.0003037 -0.0013705 0.0000423 -0.0000406 0.0000774 -0.0000081 0.0003061 -0.0013697 
-0.0000060 0.0013999 -0.0000302 0.0000505 -0.0000731 0.0000273 -0.0000096 0.0014063 
-0.0002941 -0.0013701 0.0000220 -0.0000572 0.0000701 -0.0000440 -0.0002921 -0.0013814 
0.0005740 0.0012773 -0.0000073 0.0000575 -0.0000553 0.0000568 0.0005753 0.0012932 
-0.0008347 -0.0011246 -0.0000066 -0.0000615 0.0000409 -0.0000711 -0.0008382 -0.0011441 
0.0010587 0.0009156 0.0000172 0.0000585 -0.0000270 0.0000785 0.0010675 0.0009400 
-0.0012262 -0.0006680 -0.0000320 -0.0000512 0.0000044 -0.0000823 -0.0012445 -0.0006950 
0.0013376 0.0003850 0.0000427 0.0000462 0.0000149 0.0000853 0.0013675 0.0004115 
-0.0013900 -0.0000862 -0.0000499 -0.0000359 -0.0000318 -0.0000778 -0.0014348 -0.0001070 
0.0013686 -0.0002112 0.0000591 0.0000227 0.0000517 0.0000672 0.0014259 -0.0002021 
-0.0012902 0.0004995 -0.0000637 -0.0000125 -0.0000657 -0.0000571 -0.0013545 0.0005070 
0.0011536 -0.0007596 0.0000627 -0.0000041 0.0000755 0.0000358 0.0012180 -0.0007854 
-0.0009595 0.0009891 -0.0000645 0.0000186 -0.0000841 -0.0000173 -0.0010180 0.0010318 
0.0007247 -0.0011755 0.0000584 -0.0000307 0.0000841 -0.0000005 0.0007746 -0.0012342 
-0.0004562 0.0012978 -0.0000491 0.0000460 -0.0000808 0.0000243 -0.0004934 0.0013708 
0.0001615 -0.0013640 0.0000409 -0.0000558 0.0000758 -0.0000423 0.0001819 -0.0014487 
0.0001384 0.0013675 -0.0000270 0.0000621 -0.0000608 0.0000566 0.0001376 0.0014620 
-0.0004270 -0.0012997 0.0000112 -0.0000696 0.0000439 -0.0000715 -0.0004498 -0.0013973 
0.0006948 0.0011767 0.0000013 0.0000708 -0.0000289 0.0000779 0.0007440 0.0012697 
-0.0009274 -0.0009996 -0.0000203 -0.0000672 0.0000045 -0.0000810 -0.0010006 -0.0010785 
0.0011203 0.0007743 0.0000349 0.0000650 0.0000146 0.0000807 0.0012124 0.0008309 
-0.0012654 -0.0005200 -0.0000475 -0.0000545 -0.0000311 -0.0000719 -0.0013692 -0.0005511 
0.0013434 0.0002338 0.0000617 0.0000418 0.0000508 0.0000620 0.0014509 0.0002397 
-0.0013655 0.0000638 -0.0000689 -0.0000295 -0.0000621 -0.0000502 -0.0014719 0.0000839 
0.0013242 -0.0003579 0.0000723 0.0000121 0.0000698 0.0000305 0.0014220 -0.0004009 
-0.0012115 0.0006350 -0.0000762 0.0000054 -0.0000768 -0.0000118 -0.0012972 0.0006984 
0.0010488 -0.0008808 0.0000720 -0.0000190 0.0000742 -0.0000034 0.0011159 -0.0009639 
-0.0008327 0.0010866 -0.0000645 0.0000386 -0.0000703 0.0000258 -0.0008752 0.0011815 
0.0005795 -0.0012438 0.0000574 -0.0000508 0.0000629 -0.0000405 0.0005933 -0.0013448 
-0.0003031 0.0013471 -0.0000427 0.0000612 -0.0000479 0.0000516 -0.0002896 0.0014430 
0.0000041 -0.0013803 0.0000277 -0.0000717 0.0000352 -0.0000644 -0.0000312 -0.0014639 
0.0003002 0.0013561 -0.0000131 0.0000742 -0.0000215 0.0000676 0.0003525 0.0014234 
-0.0005865 -0.0012666 -0.0000056 -0.0000731 0.0000019 -0.0000690 -0.0006478 -0.0013130 
0.0008520 0.0011076 0.0000216 0.0000721 0.0000142 0.0000690 0.0009166 0.0011333 
-0.0010726 -0.0009018 -0.0000336 -0.0000635 -0.0000259 -0.0000605 -0.0011362 -0.0009087 
0.0012485 0.0006430 0.0000501 0.0000529 0.0000433 0.0000534 0.0013047 0.0006325 
-0.0013638 -0.0003587 -0.0000578 -0.0000431 -0.0000524 -0.0000438 -0.0014100 -0.0003326 
0.0014158 0.0000590 0.0000634 0.0000272 0.0000582 0.0000275 0.0014458 0.0000211 
-0.0013977 0.0002540 -0.0000700 -0.0000131 -0.0000658 -0.0000165 -0.0014080 0.0002950 
0.0013186 -0.0005577 0.0000674 -0.0000003 0.0000643 0.0000043 0.0013106 -0.0005945 
-0.0011710 0.0008308 -0.0000634 0.0000161 -0.0000630 0.0000126 -0.0011462 0.0008553 
0.0009600 -0.0010763 0.0000598 -0.0000280 0.0000617 -0.0000244 0.0009255 -0.0010844 
-0.0007046 0.0012616 -0.0000501 0.0000360 -0.0000523 0.0000334 -0.0006676 0.0012512 
0.0004079 -0.0013908 0.0000401 -0.0000482 0.0000469 -0.0000476 0.0003743 -0.0013639 
-0.0000960 0.0014514 -0.0000316 0.0000513 -0.0000382 0.0000543 -0.0000708 0.0014100 
-0.0002213 -0.0014389 0.0000187 -0.0000547 0.0000240 -0.0000601 -0.0002334 -0.0013838 
0.0005350 0.0013556 -0.0000084 0.0000585 -0.0000153 0.0000673 0.0005296 0.0012916 
-0.0008215 -0.0012136 -0.0000013 -0.0000549 0.0000042 -0.0000668 -0.0007933 -0.0011464 
0.0010635 0.0010048 0.0000130 0.0000519 0.0000118 0.0000677 0.0010122 0.0009403 
-0.0012667 -0.0007436 -0.0000211 -0.0000501 -0.0000236 -0.0000689 -0.0011922 -0.0006897 
0.0013973 0.0004469 0.0000268 0.0000428 0.0000349 0.0000611 0.0013024 0.0004131 
-0.0014637 -0.0001274 -0.0000368 -0.0000372 -0.0000511 -0.0000582 -0.0013574 -0.0001189 
0.0014541 -0.0001960 0.0000393 0.0000323 0.0000612 0.0000506 0.0013455 -0.0001754 
-0.0013691 0.0005068 -0.0000439 -0.0000234 -0.0000717 -0.0000358 -0.0012649 0.0004584 
0.0012228 -0.0007946 0.0000496 0.0000168 0.0000826 0.0000258 0.0011288 -0.0007206 
-0.0010208 0.0010390 -0.0000492 -0.0000094 -0.0000856 -0.0000106 -0.0009446 0.0009398 
0.0007635 -0.0012288 0.0000502 -0.0000008 0.0000898 -0.0000099 0.0007101 -0.0011122 
-0.0004743 0.0013685 -0.0000527 0.0000086 -0.0000928 0.0000266 -0.0004478 0.0012375 
0.0001602 -0.0014317 0.0000487 -0.0000163 0.0000843 -0.0000449 0.0001663 -0.0012939 
0.0001534 0.0014284 -0.0000481 0.0000284 -0.0000803 0.0000661 0.0001148 0.0012956 
-0.0004582 -0.0013508 0.0000445 -0.0000345 0.0000689 -0.0000825 -0.0003875 -0.0012307 
0.0007352 0.0012062 -0.0000373 0.0000436 -0.0000486 0.0000982 0.0006389 0.0011077 
-0.0009748 -0.0010119 0.0000305 -0.0000536 0.0000319 -0.0001119 -0.0008602 -0.0009388 
0.0011586 0.0007750 -0.0000214 0.0000578 -0.0000089 0.0001160 0.0010313 0.0007302 
-0.0012871 -0.0004978 0.0000077 -0.0000632 -0.0000193 -0.0001200 -0.0011560 -0.0004823 
0.0013593 0.0002081 0.0000037 0.0000677 0.0000433 0.0001195 0.0012301 0.0002214 
-0.0013609 0.0000918 -0.0000163 -0.0000652 -0.0000687 -0.0001059 -0.0012394 0.0000510 
0.0013026 -0.0003766 0.0000338 0.0000650 0.0000941 0.0000955 0.0011972 -0.0003108 
-0.0011764 0.0006418 -0.0000451 -0.0000589 -0.0001132 -0.0000768 -0.0010918 0.0005559 
0.0009993 -0.0008730 0.0000583 0.0000484 0.0001298 0.0000476 0.0009407 -0.0007736 
-0.0007846 0.0010554 -0.0000718 -0.0000378 -0.0001413 -0.0000235 -0.0007526 0.0009505 
0.0005348 -0.0011842 0.0000779 0.0000220 0.0001418 -0.0000081 0.0005273 -0.0010805 
-0.0002646 0.0012590 -0.0000839 -0.0000029 -0.0001405 0.0000420 -0.0002800 0.0011634 
-0.0000051 -0.0012770 0.0000865 -0.0000146 0.0001324 -0.0000694 0.0000286 -0.0011934 
0.0002747 0.0012373 -0.0000808 0.0000327 -0.0001111 0.0000974 0.0002282 0.0011695 
-0.0005247 -0.0011426 0.0000761 -0.0000544 0.0000931 -0.0001213 -0.0004677 -0.0010910 
0.0007483 0.0009905 -0.0000636 0.0000687 -0.0000660 0.0001380 0.0006863 0.0009565 
-0.0009367 -0.0008038 0.0000471 -0.0000833 0.0000312 -0.0001506 -0.0008748 -0.0007879 
0.0010762 0.0005839 -0.0000295 0.0000963 -0.0000025 0.0001557 0.0010178 0.0005854 
-0.0011610 -0.0003369 0.0000064 -0.0000999 -0.0000324 -0.0001493 -0.0011119 -0.0003496 
0.0012000 0.0000808 0.0000181 0.0001018 0.0000667 0.0001410 0.0011617 0.0001035 
-0.0011818 0.0001666 -0.0000404 -0.0000986 -0.0000923 -0.0001253 -0.0011576 0.0001386 
0.0011154 -0.0004104 0.0000616 0.0000860 0.0001178 0.0000980 0.0011047 -0.0003839 
-0.0009963 0.0006297 -0.0000840 -0.0000737 -0.0001364 -0.0000748 -0.0009962 0.0006051 
0.0008301 -0.0008246 0.0000974 0.0000532 0.0001466 0.0000444 0.0008373 -0.0008057 
-0.0006394 0.0009810 -0.0001091 -0.0000293 -0.0001535 -0.0000080 -0.0006529 0.0009678 
0.0004131 -0.0010871 0.0001171 0.0000053 0.0001514 -0.0000203 0.0004312 -0.0010816 
-0.0001679 0.0011434 -0.0001140 0.0000230 -0.0001391 0.0000540 -0.0001863 0.0011479 
-0.0000792 -0.0011511 0.0001086 -0.0000509 0.0001256 -0.0000847 -0.0000615 -0.0011640 
0.0003169 0.0011021 -0.0000969 0.0000742 -0.0001052 0.0001051 0.0003031 0.0011263 
-0.0005426 -0.0010099 0.0000756 -0.0000952 0.0000753 -0.0001260 -0.0005379 -0.0010437 
0.0007395 0.0008640 -0.0000552 0.0001130 -0.0000499 0.0001376 0.0007430 0.0009021 
-0.0009121 -0.0006810 0.0000277 -0.0001225 0.0000201 -0.0001415 -0.0009267 -0.0007203 
0.0010382 0.0004751 0.0000026 0.0001269 0.0000148 0.0001434 0.0010624 0.0005127 
-0.0011120 -0.0002390 -0.0000303 -0.0001266 -0.0000407 -0.0001358 -0.0011454 -0.0002729 
0.0011339 -0.0000106 0.0000599 0.0001146 0.0000707 0.0001190 0.0011789 0.0000168 
-0.0011064 0.0002516 -0.0000875 -0.0001004 -0.0000965 -0.0001029 -0.0011588 0.0002328 
0.0010211 -0.0004835 0.0001079 0.0000792 0.0001118 0.0000797 0.0010817 -0.0004735 
-0.0008953 0.0006892 -0.0001240 -0.0000494 -0.0001281 -0.0000482 -0.0009642 0.0006918 
0.0007177 -0.0008593 0.0001341 0.0000231 0.0001336 0.0000228 0.0007889 -0.0008761 
-0.0005130 0.0010042 -0.0001356 0.0000091 -0.0001316 0.0000065 -0.0005840 0.0010368 
0.0002893 -0.0010881 0.0001306 -0.0000421 0.0001287 -0.0000392 0.0003533 -0.0011355 
-0.0000441 0.0011217 -0.0001197 0.0000692 -0.0001155 0.0000627 -0.0000982 0.0011834 
-0.0002000 -0.0011071 0.0000995 -0.0000968 0.0000953 -0.0000894 -0.0001587 -0.0011820 
0.0004314 0.0010350 -0.0000759 0.0001191 -0.0000759 0.0001102 0.0004053 0.0011177 
-0.0006474 -0.0009139 0.0000481 -0.0001330 0.0000490 -0.0001198 -0.0006351 -0.0010033 
0.0008227 0.0007514 -0.0000125 0.0001407 -0.0000156 0.0001309 0.0008250 0.0008475 
-0.0009621 -0.0005509 -0.0000167 -0.0001411 -0.0000113 -0.0001290 -0.0009846 -0.0006472 
0.0010691 0.0003325 0.0000497 0.0001331 0.0000405 0.0001208 0.0011094 0.0004265 
-0.0011077 -0.0000983 -0.0000806 -0.0001179 -0.0000703 -0.0001109 -0.0011670 -0.0001836 
0.0010980 -0.0001402 0.0001028 0.0000982 0.0000906 0.0000905 0.0011755 -0.0000713 
-0.0010481 0.0003728 -0.0001248 -0.0000713 -0.0001128 -0.0000647 -0.0011406 0.0003203 
0.0009391 -0.0005824 0.0001390 0.0000416 0.0001271 0.0000407 0.0010402 -0.0005510 
-0.0007895 0.0007723 -0.0001437 -0.0000103 -0.0001292 -0.0000091 -0.0008938 0.0007581 
0.0006071 -0.0009152 0.0001424 -0.0000262 0.0001322 -0.0000254 0.0007134 -0.0009155 
-0.0003921 0.0010256 -0.0001333 0.0000547 -0.0001214 0.0000527 -0.0004991 0.0010453 
0.0001757 -0.0010912 0.0001164 -0.0000842 0.0001032 -0.0000807 0.0002776 -0.0011327 
0.0000583 0.0010948 -0.0000941 0.0001101 -0.0000859 0.0001061 -0.0000325 0.0011560 
-0.0002834 -0.0010551 0.0000686 -0.0001248 0.0000574 -0.0001202 -0.0002088 -0.0011361 
0.0004984 0.0009782 -0.0000379 0.0001393 -0.0000262 0.0001353 0.0004429 0.0010740 
-0.0006877 -0.0008494 0.0000068 -0.0001451 -0.0000015 -0.0001401 -0.0006564 -0.0009537 
0.0008509 0.0006883 0.0000244 0.0001411 0.0000364 0.0001324 0.0008390 0.0007909 
-0.0009709 -0.0004961 -0.0000577 -0.0001331 -0.0000693 -0.0001263 -0.0009712 -0.0005944 
0.0010629 0.0002800 0.0000838 0.0001166 0.0000958 0.0001052 0.0010798 0.0003753 
-0.0011032 -0.0000679 -0.0001072 -0.0000945 -0.0001186 -0.0000777 -0.0011365 -0.0001563 
0.0010902 -0.0001619 0.0001278 0.0000689 0.0001363 0.0000535 0.0011419 -0.0000834 
-0.0010309 0.0003808 -0.0001354 -0.0000410 -0.0001416 -0.0000196 -0.0011003 0.0003161 
0.0009413 -0.0005891 0.0001440 0.0000089 0.0001486 -0.0000154 0.0010221 -0.0005414 
-0.0008008 0.0007686 -0.0001434 0.0000205 -0.0001423 0.0000434 -0.0008886 0.0007413 
0.0006315 -0.0009227 0.0001342 -0.0000503 0.0001253 -0.0000774 0.0007146 -0.0009138 
-0.0004280 0.0010371 -0.0001230 0.0000812 -0.0001119 0.0001063 -0.0005013 0.0010386 
0.0002066 -0.0011179 0.0001012 -0.0001039 0.0000824 -0.0001274 0.0002737 -0.0011276 
0.0000117 0.0011430 -0.0000762 0.0001233 -0.0000487 0.0001447 -0.0000488 0.0011613 
-0.0002542 -0.0011262 0.0000497 -0.0001406 0.0000218 -0.0001540 -0.0001987 -0.0011573 
0.0004838 0.0010477 -0.0000187 0.0001440 0.0000153 0.0001518 0.0004335 0.0010926 
-0.0006962 -0.0009363 -0.0000133 -0.0001483 -0.0000492 -0.0001501 -0.0006574 -0.0009925 
0.0008762 0.0007780 0.0000430 0.0001445 0.0000746 0.0001359 0.0008535 0.0008435 
-0.0010315 -0.0005811 -0.0000726 -0.0001299 -0.0001066 -0.0001118 -0.0010275 -0.0006423 
0.0011441 0.0003599 0.0001036 0.0001165 0.0001307 0.0000942 0.0011523 0.0004053 
-0.0012043 -0.0001153 -0.0001245 -0.0000901 -0.0001466 -0.0000601 -0.0012146 -0.0001506 
0.0012119 -0.0001228 0.0001419 0.0000614 0.0001578 0.0000247 0.0012242 -0.0000959 
-0.0011705 0.0003861 -0.0001569 -0.0000314 -0.0001601 0.0000043 -0.0011885 0.0003618 
0.0010617 -0.0006354 0.0001562 -0.0000051 0.0001523 -0.0000426 0.0010889 -0.0006114 
-0.0009151 0.0008494 -0.0001560 0.0000382 -0.0001455 0.0000740 -0.0009497 0.0008327 
0.0007178 -0.0010257 0.0001467 -0.0000702 0.0001244 -0.0000962 0.0007569 -0.0010193 
-0.0004801 0.0011748 -0.0001257 0.0001009 -0.0000970 0.0001263 -0.0005158 0.0011842 
0.0002245 -0.0012653 0.0001062 -0.0001320 0.0000755 -0.0001466 0.0002406 -0.0012922 
0.0000426 0.0012839 -0.0000734 0.0001502 -0.0000390 0.0001561 0.0000485 0.0013084 
-0.0003127 -0.0012480 0.0000368 -0.0001644 0.0000006 -0.0001643 -0.0003300 -0.0012650 
0.0005792 0.0011673 -0.0000029 0.0001729 0.0000281 0.0001591 0.0005994 0.0011778 
-0.0008399 -0.0010030 -0.0000401 -0.0001643 -0.0000685 -0.0001452 -0.0008562 -0.0010096 
0.0010349 0.0008094 0.0000745 0.0001559 0.0000961 0.0001326 0.0010524 0.0008157 
-0.0011857 -0.0005580 -0.0001065 -0.0001369 -0.0001152 -0.0001055 -0.0012016 -0.0005624 
0.0012982 0.0002757 0.0001354 0.0001053 0.0001422 0.0000732 0.0013272 0.0002769 
-0.0013301 0.0000060 -0.0001601 -0.0000769 -0.0001558 -0.0000469 -0.0013764 0.0000276 
0.0012852 -0.0002932 0.0001708 0.0000377 0.0001586 0.0000087 0.0013263 -0.0003418 
-0.0011833 0.0005669 -0.0001755 0.0000070 -0.0001600 0.0000324 -0.0012088 0.0006316 
0.0010305 -0.0008126 0.0001720 -0.0000417 0.0001450 -0.0000597 0.0010353 -0.0008799 
-0.0008143 0.0010476 -0.0001506 0.0000864 -0.0001220 0.0000980 -0.0008005 0.0011083 
0.0005740 -0.0011854 0.0001305 -0.0001164 0.0001025 -0.0001197 0.0005473 -0.0012384 
-0.0002775 0.0012795 -0.0000988 0.0001399 -0.0000669 0.0001324 -0.0002401 0.0013198 
-0.0000221 -0.0013234 0.0000582 -0.0001588 0.0000294 -0.0001505 -0.0000623 -0.0013622 
0.0003013 0.0012763 -0.0000259 0.0001684 -0.0000023 0.0001503 0.0003539 0.0013247 
-0.0005866 -0.0011505 -0.0000173 -0.0001659 -0.0000380 -0.0001426 -0.0006676 -0.0011970 
0.0008210 0.0009774 0.0000603 0.0001577 0.0000747 0.0001343 0.0009230 0.0010027 
-0.0010020 -0.0007564 -0.0000876 -0.0001368 -0.0000947 -0.0001053 -0.0011030 -0.0007464 
0.0011801 0.0005097 0.0001246 0.0001050 0.0001244 0.0000731 0.0012708 0.0004677 
-0.0012358 -0.0002351 -0.0001409 -0.0000745 -0.0001333 -0.0000462 -0.0013026 -0.0001708 
0.0012556 -0.0000741 0.0001473 0.0000385 0.0001320 0.0000055 0.0012949 -0.0001497 
-0.0012127 0.0003506 -0.0001523 0.0000053 -0.0001370 0.0000306 -0.0012369 0.0004227 
0.0010736 -0.0005984 0.0001432 -0.0000312 0.0001193 -0.0000525 0.0010976 -0.0006646 
-0.0008930 0.0008476 -0.0001265 0.0000680 -0.0000990 0.0000864 -0.0009168 0.0009278 
0.0006490 -0.0010133 0.0001060 -0.0000994 0.0000775 -0.0001113 0.0006573 -0.0011060 
-0.0003856 0.0011187 -0.0000758 0.0001111 -0.0000408 0.0001176 -0.0003628 0.0012084 
0.0001369 -0.0012016 0.0000405 -0.0001349 0.0000051 -0.0001320 0.0000790 -0.0012764 
0.0001451 0.0011674 -0.0000087 0.0001335 0.0000219 0.0001214 0.0002239 0.0012075 
-0.0004361 -0.0011090 -0.0000235 -0.0001211 -0.0000618 -0.0001034 -0.0005190 -0.0011203 
0.0006503 0.0009804 0.0000582 0.0001135 0.0000855 0.0000945 0.0007217 0.0009693 
-0.0008409 -0.0007682 -0.0000713 -0.0000905 -0.0000941 -0.0000636 -0.0008838 -0.0007520 
0.0010273 0.0005431 0.0000951 0.0000651 0.0001156 0.0000331 0.0010648 0.0005465 
-0.0011091 -0.0002663 -0.0001084 -0.0000448 -0.0001201 -0.0000104 -0.0011520 -0.0002713 
0.0011207 -0.0000286 0.0001038 0.0000095 0.0001095 -0.0000325 0.0011698 -0.0000376 
-0.0011053 0.0002283 -0.0001178 0.0000166 -0.0001118 0.0000575 -0.0011455 0.0002662 
0.0009822 -0.0005088 0.0001004 -0.0000414 0.0000804 -0.0000778 0.0009940 -0.0005612 
-0.0008675 0.0007299 -0.0000752 0.0000634 -0.0000514 0.0001080 -0.0008608 0.0007870 
0.0006657 -0.0008738 0.0000635 -0.0000855 0.0000357 -0.0001143 0.0006356 -0.0009115 
-0.0003970 0.0010085 -0.0000362 0.0000860 -0.0000021 0.0001053 -0.0003643 0.0010061 
0.0001659 -0.0010970 0.0000087 -0.0000941 -0.0000298 -0.0001094 0.0001631 -0.0010712 
0.0001225 0.0010977 0.0000012 0.0000952 0.0000432 0.0000995 0.0001004 0.0010743 
-0.0004066 -0.0010399 -0.0000366 -0.0000784 -0.0000841 -0.0000764 -0.0003800 -0.0010396 
0.0005548 0.0009129 0.0000486 0.0000917 0.0000930 0.0000758 0.0005450 0.0009227 
-0.0008068 -0.0007186 -0.0000633 -0.0000629 -0.0000991 -0.0000288 -0.0008161 -0.0007162 
0.0009327 0.0005722 0.0000795 0.0000360 0.0001196 0.0000008 0.0009437 0.0005646 
-0.0010071 -0.0003104 -0.0000935 -0.0000288 -0.0001100 0.0000062 -0.0010071 -0.0002885 
0.0010657 -0.0000100 0.0000832 -0.0000060 0.0000863 -0.0000458 0.0010352 -0.0000420 
-0.0010724 0.0001779 -0.0000878 0.0000258 -0.0000855 0.0000629 -0.0009842 0.0001731 
0.0010042 -0.0004678 0.0000778 -0.0000191 0.0000615 -0.0000579 0.0009136 -0.0004044 
-0.0009072 0.0007675 -0.0000625 0.0000660 -0.0000406 0.0001064 -0.0008698 0.0006831 
0.0006275 -0.0008159 0.0000836 -0.0000583 0.0000477 -0.0000911 0.0006309 -0.0007343 
-0.0004163 0.0010219 -0.0000515 0.0000719 0.0000004 0.0000888 -0.0004478 0.0009880 
0.0002413 -0.0010157 0.0000163 -0.0000956 -0.0000244 -0.0001115 0.0002761 -0.0010147 
0.0000439 0.0010509 -0.0000235 0.0001091 0.0000087 0.0000879 0.0000315 0.0010653 
-0.0003710 -0.0010767 -0.0000329 -0.0000909 -0.0000583 -0.0000535 -0.0004072 -0.0010805 
