%19-Mar-2019 14:57:46
%Comment: Enter a comment
%--------------------------------------------- 
%                   Setup 
%--------------------------------------------- 
%Number of measurements stored in this file: 1
%Center Frequency: 1.5GHz
%Center Frequency: 1.5GHz
%Number of Averages: 1 
%Start Pos: 0 degrees
%Stop Pos: 0 degrees
%Polarizations in order: VV 
%Columns of real and imaginary data. Col 1 = real, col 2 = imaginary. If more than 2 columns, odd columns are real and even columns are imaginary. 
%Az: 0 ================== 
-0.0000001 -0.0000003 
0.0000001 -0.0000004 
0.0000003 -0.0000003 
0.0000005 -0.0000000 
0.0000004 0.0000002 
0.0000001 0.0000003 
-0.0000000 0.0000003 
-0.0000001 0.0000003 
-0.0000002 0.0000002 
-0.0000004 0.0000001 
-0.0000003 -0.0000001 
-0.0000002 -0.0000003 
-0.0000001 -0.0000003 
-0.0000000 -0.0000003 
0.0000001 -0.0000003 
0.0000003 -0.0000003 
0.0000004 -0.0000000 
0.0000004 0.0000002 
0.0000001 0.0000003 
-0.0000000 0.0000003 
-0.0000001 0.0000002 
-0.0000002 0.0000002 
-0.0000003 0.0000001 
-0.0000003 -0.0000001 
-0.0000002 -0.0000002 
-0.0000001 -0.0000002 
-0.0000001 -0.0000002 
-0.0000000 -0.0000003 
0.0000001 -0.0000004 
0.0000004 -0.0000003 
0.0000005 0.0000000 
0.0000004 0.0000003 
0.0000002 0.0000004 
-0.0000000 0.0000004 
-0.0000002 0.0000004 
-0.0000004 0.0000002 
-0.0000005 -0.0000000 
-0.0000003 -0.0000003 
-0.0000001 -0.0000003 
-0.0000001 -0.0000002 
-0.0000000 -0.0000003 
0.0000001 -0.0000004 
0.0000005 -0.0000003 
0.0000006 0.0000001 
0.0000004 0.0000004 
0.0000001 0.0000005 
-0.0000002 0.0000004 
-0.0000002 0.0000003 
-0.0000003 0.0000002 
-0.0000005 0.0000000 
-0.0000004 -0.0000002 
-0.0000002 -0.0000004 
0.0000000 -0.0000003 
0.0000001 -0.0000003 
0.0000002 -0.0000003 
0.0000004 -0.0000002 
0.0000005 0.0000000 
0.0000004 0.0000003 
0.0000001 0.0000004 
-0.0000001 0.0000003 
-0.0000001 0.0000003 
-0.0000002 0.0000003 
-0.0000004 0.0000002 
-0.0000005 -0.0000001 
-0.0000003 -0.0000003 
-0.0000000 -0.0000003 
0.0000000 -0.0000003 
0.0000001 -0.0000003 
0.0000002 -0.0000003 
0.0000005 -0.0000002 
0.0000005 0.0000002 
0.0000003 0.0000005 
0.0000000 0.0000005 
-0.0000001 0.0000004 
-0.0000002 0.0000003 
-0.0000004 0.0000002 
-0.0000005 -0.0000000 
-0.0000004 -0.0000003 
-0.0000001 -0.0000004 
0.0000000 -0.0000003 
0.0000001 -0.0000003 
0.0000002 -0.0000004 
0.0000005 -0.0000003 
0.0000006 0.0000001 
0.0000004 0.0000004 
0.0000001 0.0000005 
-0.0000001 0.0000004 
-0.0000002 0.0000003 
-0.0000003 0.0000003 
-0.0000005 0.0000001 
-0.0000005 -0.0000003 
-0.0000002 -0.0000005 
0.0000000 -0.0000004 
0.0000001 -0.0000003 
0.0000001 -0.0000003 
0.0000004 -0.0000003 
0.0000006 -0.0000001 
0.0000005 0.0000003 
0.0000002 0.0000005 
-0.0000001 0.0000004 
-0.0000001 0.0000003 
-0.0000003 0.0000003 
-0.0000005 0.0000001 
-0.0000005 -0.0000002 
-0.0000002 -0.0000003 
-0.0000001 -0.0000002 
-0.0000002 -0.0000002 
-0.0000002 -0.0000005 
0.0000002 -0.0000007 
0.0000008 -0.0000004 
0.0000010 0.0000003 
0.0000005 0.0000008 
-0.0000001 0.0000008 
-0.0000004 0.0000005 
-0.0000004 0.0000003 
-0.0000005 0.0000002 
-0.0000006 -0.0000001 
-0.0000005 -0.0000004 
-0.0000001 -0.0000005 
0.0000001 -0.0000004 
0.0000001 -0.0000003 
0.0000002 -0.0000004 
0.0000005 -0.0000004 
0.0000008 0.0000000 
0.0000006 0.0000005 
0.0000002 0.0000007 
-0.0000001 0.0000006 
-0.0000003 0.0000006 
-0.0000006 0.0000004 
-0.0000008 0.0000001 
-0.0000007 -0.0000004 
-0.0000003 -0.0000007 
0.0000000 -0.0000006 
0.0000001 -0.0000005 
0.0000003 -0.0000005 
0.0000006 -0.0000004 
0.0000009 -0.0000000 
0.0000007 0.0000005 
0.0000002 0.0000008 
-0.0000001 0.0000006 
-0.0000002 0.0000005 
-0.0000004 0.0000005 
-0.0000007 0.0000003 
-0.0000008 -0.0000002 
-0.0000005 -0.0000006 
-0.0000001 -0.0000006 
0.0000000 -0.0000005 
0.0000001 -0.0000006 
0.0000005 -0.0000007 
0.0000010 -0.0000003 
0.0000010 0.0000004 
0.0000005 0.0000009 
-0.0000000 0.0000009 
-0.0000003 0.0000007 
-0.0000005 0.0000006 
-0.0000007 0.0000004 
-0.0000009 -0.0000001 
-0.0000007 -0.0000006 
-0.0000002 -0.0000007 
-0.0000000 -0.0000005 
-0.0000000 -0.0000007 
0.0000004 -0.0000009 
0.0000010 -0.0000006 
0.0000012 0.0000003 
0.0000006 0.0000008 
0.0000001 0.0000007 
0.0000002 0.0000005 
0.0000002 0.0000008 
-0.0000005 0.0000011 
-0.0000012 0.0000006 
-0.0000011 -0.0000001 
-0.0000009 -0.0000001 
-0.0000016 -0.0000001 
-0.0000024 -0.0000020 
-0.0000003 -0.0000048 
0.0000047 -0.0000044 
0.0000076 0.0000015 
0.0000034 0.0000080 
-0.0000054 0.0000073 
-0.0000090 -0.0000014 
-0.0000024 -0.0000089 
0.0000077 -0.0000058 
0.0000091 0.0000052 
-0.0000007 0.0000117 
-0.0000113 0.0000058 
-0.0000115 -0.0000062 
-0.0000022 -0.0000122 
0.0000064 -0.0000088 
0.0000087 -0.0000026 
0.0000083 0.0000010 
0.0000089 0.0000051 
0.0000060 0.0000129 
-0.0000062 0.0000177 
-0.0000213 0.0000085 
-0.0000227 -0.0000129 
-0.0000034 -0.0000277 
0.0000209 -0.0000189 
0.0000262 0.0000068 
0.0000067 0.0000238 
-0.0000162 0.0000148 
-0.0000175 -0.0000088 
0.0000034 -0.0000188 
0.0000212 -0.0000023 
0.0000120 0.0000230 
-0.0000186 0.0000260 
-0.0000385 -0.0000034 
-0.0000210 -0.0000402 
0.0000245 -0.0000455 
0.0000568 -0.0000066 
0.0000410 0.0000452 
-0.0000126 0.0000613 
-0.0000550 0.0000263 
-0.0000497 -0.0000240 
-0.0000131 -0.0000428 
0.0000091 -0.0000295 
0.0000077 -0.0000257 
0.0000267 -0.0000443 
0.0000895 -0.0000278 
0.0001242 0.0000788 
0.0000189 0.0002091 
-0.0002105 0.0001863 
-0.0003499 -0.0000793 
-0.0001698 -0.0004065 
0.0002775 -0.0004441 
0.0006036 -0.0000352 
0.0004254 0.0005300 
-0.0002015 0.0007171 
-0.0007485 0.0002730 
-0.0006896 -0.0004652 
-0.0000325 -0.0008472 
0.0006582 -0.0005270 
0.0007916 0.0002052 
0.0002968 0.0007135 
-0.0003546 0.0006156 
-0.0006281 0.0000875 
-0.0003960 -0.0003795 
0.0000400 -0.0004563 
0.0003037 -0.0002069 
0.0002704 0.0000769 
0.0000844 0.0001843 
-0.0000553 0.0001230 
-0.0000755 0.0000240 
-0.0000314 -0.0000183 
-0.0000000 -0.0000060 
-0.0000041 0.0000132 
-0.0000209 0.0000124 
-0.0000287 -0.0000016 
-0.0000276 -0.0000160 
-0.0000223 -0.0000314 
-0.0000051 -0.0000501 
0.0000331 -0.0000568 
0.0000775 -0.0000267 
0.0000880 0.0000404 
0.0000365 0.0001019 
-0.0000525 0.0001023 
-0.0001123 0.0000302 
-0.0000936 -0.0000615 
-0.0000142 -0.0001015 
0.0000582 -0.0000672 
0.0000723 -0.0000004 
0.0000366 0.0000404 
-0.0000028 0.0000369 
-0.0000153 0.0000147 
-0.0000087 0.0000037 
-0.0000059 0.0000061 
-0.0000130 0.0000056 
-0.0000173 -0.0000059 
-0.0000085 -0.0000186 
0.0000084 -0.0000191 
0.0000194 -0.0000061 
0.0000165 0.0000102 
0.0000029 0.0000181 
-0.0000114 0.0000133 
-0.0000168 -0.0000001 
-0.0000103 -0.0000123 
0.0000026 -0.0000150 
0.0000120 -0.0000072 
0.0000119 0.0000036 
0.0000048 0.0000093 
-0.0000021 0.0000081 
-0.0000050 0.0000042 
-0.0000053 0.0000012 
-0.0000051 -0.0000012 
-0.0000039 -0.0000040 
-0.0000005 -0.0000057 
0.0000033 -0.0000043 
0.0000047 -0.0000007 
0.0000030 0.0000021 
0.0000006 0.0000024 
-0.0000005 0.0000014 
-0.0000004 0.0000007 
-0.0000004 0.0000005 
-0.0000004 0.0000004 
-0.0000003 0.0000002 
-0.0000003 0.0000004 
-0.0000007 0.0000005 
-0.0000012 -0.0000000 
-0.0000010 -0.0000009 
-0.0000002 -0.0000012 
0.0000004 -0.0000009 
0.0000005 -0.0000007 
0.0000007 -0.0000006 
0.0000012 -0.0000003 
0.0000013 0.0000005 
0.0000007 0.0000013 
-0.0000002 0.0000012 
-0.0000005 0.0000007 
-0.0000005 0.0000006 
-0.0000008 0.0000005 
-0.0000013 0.0000000 
-0.0000011 -0.0000008 
-0.0000003 -0.0000013 
0.0000004 -0.0000010 
0.0000005 -0.0000005 
0.0000005 -0.0000005 
0.0000009 -0.0000004 
0.0000012 0.0000003 
0.0000008 0.0000011 
-0.0000001 0.0000012 
-0.0000006 0.0000007 
-0.0000005 0.0000003 
-0.0000005 0.0000003 
-0.0000008 0.0000002 
-0.0000009 -0.0000004 
-0.0000005 -0.0000009 
0.0000002 -0.0000008 
0.0000004 -0.0000005 
0.0000003 -0.0000004 
0.0000005 -0.0000005 
0.0000010 -0.0000002 
0.0000010 0.0000006 
0.0000003 0.0000010 
-0.0000003 0.0000008 
-0.0000004 0.0000004 
-0.0000004 0.0000004 
-0.0000007 0.0000003 
-0.0000009 -0.0000001 
-0.0000007 -0.0000007 
-0.0000001 -0.0000010 
0.0000004 -0.0000007 
0.0000005 -0.0000004 
0.0000006 -0.0000002 
0.0000007 0.0000001 
0.0000006 0.0000004 
0.0000002 0.0000007 
-0.0000002 0.0000005 
-0.0000002 0.0000003 
-0.0000001 0.0000003 
-0.0000004 0.0000005 
-0.0000008 0.0000002 
-0.0000008 -0.0000005 
-0.0000002 -0.0000009 
0.0000003 -0.0000006 
0.0000003 -0.0000002 
0.0000002 -0.0000002 
0.0000004 -0.0000004 
0.0000008 -0.0000001 
0.0000008 0.0000005 
0.0000002 0.0000009 
-0.0000003 0.0000007 
-0.0000005 0.0000003 
-0.0000005 0.0000001 
-0.0000005 -0.0000001 
-0.0000005 -0.0000003 
-0.0000002 -0.0000005 
0.0000001 -0.0000005 
0.0000002 -0.0000003 
0.0000002 -0.0000003 
0.0000004 -0.0000003 
0.0000006 -0.0000001 
0.0000006 0.0000003 
0.0000002 0.0000006 
-0.0000001 0.0000005 
-0.0000003 0.0000003 
-0.0000003 0.0000003 
-0.0000005 0.0000002 
-0.0000006 -0.0000001 
-0.0000004 -0.0000005 
-0.0000001 -0.0000006 
0.0000002 -0.0000004 
0.0000002 -0.0000003 
0.0000003 -0.0000003 
0.0000005 -0.0000001 
0.0000006 0.0000002 
0.0000003 0.0000005 
-0.0000001 0.0000005 
-0.0000002 0.0000003 
-0.0000002 0.0000002 
-0.0000003 0.0000002 
-0.0000005 0.0000000 
-0.0000005 -0.0000003 
-0.0000002 -0.0000005 
0.0000001 -0.0000005 
0.0000002 -0.0000003 
0.0000002 -0.0000002 
0.0000004 -0.0000002 
0.0000005 0.0000001 
0.0000004 0.0000004 
0.0000001 0.0000005 
-0.0000002 0.0000004 
-0.0000002 0.0000002 
