%19-Mar-2019 16:09:17
%Comment: Enter a comment
%--------------------------------------------- 
%                   Setup 
%--------------------------------------------- 
%Number of measurements stored in this file: 1
%Center Frequency: 1.5GHz
%Center Frequency: 1.5GHz
%Number of Averages: 4 
%Start Pos: 0 degrees
%Stop Pos: 0 degrees
%Polarizations in order: VVVHHVHH 
%Columns of real and imaginary data. Col 1 = real, col 2 = imaginary. If more than 2 columns, odd columns are real and even columns are imaginary. 
%Az: 0 ================== 
0.0007777 0.0007079 -0.0004015 -0.0001752 -0.0001309 -0.0004015 -0.0018497 0.0007076 
-0.0015795 -0.0009353 0.0002829 0.0000445 0.0000751 0.0002991 0.0010686 -0.0013089 
0.0015903 0.0006750 -0.0002899 0.0000572 -0.0001464 -0.0002455 -0.0007348 0.0013885 
-0.0016823 -0.0001348 0.0002706 -0.0001023 0.0002062 0.0002221 0.0002756 -0.0014644 
0.0015725 -0.0001296 -0.0001943 0.0001525 -0.0002086 -0.0001650 0.0000207 0.0013869 
-0.0013740 0.0004597 0.0001678 -0.0002235 0.0002715 0.0000830 -0.0003479 -0.0012410 
0.0010855 -0.0007682 -0.0001131 0.0002166 -0.0002785 -0.0000435 0.0005605 0.0010560 
-0.0009921 0.0009099 0.0000306 -0.0002444 0.0002541 -0.0000417 -0.0006807 -0.0009198 
0.0004389 -0.0008956 -0.0000045 0.0002785 -0.0002664 0.0001372 0.0007589 0.0007288 
-0.0003945 0.0011371 -0.0000726 -0.0002118 0.0002008 -0.0001456 -0.0009792 -0.0004120 
0.0002149 -0.0010539 0.0001401 0.0001910 -0.0001405 0.0001940 0.0009828 0.0001559 
0.0001470 0.0011026 -0.0001657 -0.0001521 0.0000999 -0.0002255 -0.0009565 0.0001023 
-0.0002854 -0.0010350 0.0002005 0.0000706 -0.0000309 0.0002106 0.0008597 -0.0003326 
0.0004959 0.0008085 -0.0002247 -0.0000389 -0.0000334 -0.0002360 -0.0007033 0.0004898 
-0.0007421 -0.0006140 0.0001968 -0.0000237 0.0000734 0.0002133 0.0005373 -0.0006242 
0.0007589 0.0004714 -0.0001894 0.0000861 -0.0001375 -0.0001697 -0.0003777 0.0006349 
-0.0007991 -0.0000641 0.0001745 -0.0001039 0.0001916 0.0001522 0.0001637 -0.0006236 
0.0008381 0.0000320 -0.0001070 0.0001577 -0.0001945 -0.0000766 -0.0000006 0.0007284 
-0.0007118 0.0001270 0.0000697 -0.0001906 0.0002117 0.0000106 -0.0001719 -0.0006647 
0.0006950 -0.0003516 -0.0000140 0.0001872 -0.0002031 0.0000366 0.0003489 0.0005933 
-0.0005832 0.0004172 -0.0000579 -0.0001898 0.0001654 -0.0000963 -0.0004742 -0.0004636 
0.0003676 -0.0005599 0.0000875 0.0001718 -0.0001509 0.0001394 0.0005620 0.0003072 
-0.0002094 0.0006965 -0.0001369 -0.0001219 0.0001011 -0.0001627 -0.0006028 -0.0001535 
0.0000659 -0.0006316 0.0001733 0.0000863 -0.0000413 0.0001923 0.0005499 -0.0000192 
0.0002300 0.0006508 -0.0001665 -0.0000398 0.0000066 -0.0002022 -0.0004977 0.0001975 
-0.0002848 -0.0005600 0.0001838 -0.0000297 0.0000662 0.0001776 0.0004815 -0.0002930 
0.0003986 0.0003673 -0.0001763 0.0000699 -0.0001219 -0.0001585 -0.0003718 0.0004061 
-0.0005152 -0.0003061 0.0001389 -0.0001193 0.0001539 0.0001150 0.0002559 -0.0004946 
0.0005090 0.0001487 -0.0001092 0.0001688 -0.0001895 -0.0000552 -0.0001063 0.0005383 
-0.0005605 0.0000687 0.0000584 -0.0001771 0.0001962 0.0000124 -0.0000609 -0.0005467 
0.0005799 -0.0001837 0.0000071 0.0001960 -0.0001836 0.0000488 0.0001945 0.0005065 
-0.0004153 0.0003385 -0.0000549 -0.0001927 0.0001715 -0.0001054 -0.0003494 -0.0003964 
0.0004107 -0.0005421 0.0001096 0.0001457 -0.0001364 0.0001297 0.0004903 0.0002809 
-0.0001937 0.0005280 -0.0001598 -0.0001294 0.0000840 -0.0001862 -0.0004973 -0.0001872 
-0.0000278 -0.0005692 0.0001828 0.0000844 -0.0000336 0.0002093 0.0005409 0.0000368 
0.0001364 0.0005613 -0.0002055 -0.0000225 -0.0000305 -0.0002058 -0.0005358 0.0000910 
-0.0003090 -0.0004759 0.0002152 -0.0000265 0.0000971 0.0002003 0.0004941 -0.0002497 
0.0004747 0.0004166 -0.0001888 0.0000880 -0.0001407 -0.0001630 -0.0004255 0.0003841 
-0.0005440 -0.0003104 0.0001669 -0.0001488 0.0001889 0.0001109 0.0003032 -0.0004848 
0.0006233 0.0000723 -0.0001245 0.0001826 -0.0002183 -0.0000629 -0.0001444 0.0005862 
-0.0006822 0.0000268 0.0000539 -0.0002159 0.0002167 -0.0000020 -0.0000062 -0.0006231 
0.0005940 -0.0002489 -0.0000064 0.0002342 -0.0002248 0.0000710 0.0001665 0.0005744 
-0.0005449 0.0004634 -0.0000573 -0.0002217 0.0002021 -0.0001273 -0.0003166 -0.0005279 
0.0004016 -0.0005482 0.0001239 0.0002048 -0.0001547 0.0001838 0.0004412 0.0004314 
-0.0002111 0.0006772 -0.0001655 -0.0001702 0.0001093 -0.0002277 -0.0005526 -0.0003084 
0.0000773 -0.0007452 0.0002132 0.0001093 -0.0000363 0.0002438 0.0006318 0.0001642 
0.0001074 0.0006944 -0.0002439 -0.0000574 -0.0000389 -0.0002537 -0.0006580 0.0000150 
-0.0003452 -0.0006874 0.0002463 -0.0000101 0.0001005 0.0002367 0.0006728 -0.0002007 
0.0004560 0.0005891 -0.0002426 0.0000894 -0.0001674 -0.0001906 -0.0006109 0.0003514 
-0.0006430 -0.0004188 0.0002158 -0.0001415 0.0002189 0.0001510 0.0004733 -0.0005218 
0.0007669 0.0002663 -0.0001630 0.0001960 -0.0002494 -0.0000879 -0.0003361 0.0006339 
-0.0007870 -0.0000541 0.0001107 -0.0002397 0.0002700 0.0000128 0.0001536 -0.0007052 
0.0007904 -0.0001811 -0.0000452 0.0002529 -0.0002688 0.0000543 0.0000226 0.0007323 
-0.0007306 0.0003431 -0.0000322 -0.0002643 0.0002398 -0.0001331 -0.0002147 -0.0007105 
0.0005615 -0.0005200 0.0000939 0.0002507 -0.0002020 0.0001990 0.0004048 0.0006398 
-0.0004562 0.0006895 -0.0001588 -0.0002122 0.0001412 -0.0002423 -0.0005628 -0.0005468 
0.0002483 -0.0007321 0.0002195 0.0001696 -0.0000614 0.0002778 0.0006794 0.0003824 
-0.0000317 0.0008035 -0.0002488 -0.0001080 -0.0000068 -0.0002876 -0.0007812 -0.0001757 
-0.0001486 -0.0008014 0.0002710 0.0000305 0.0000845 0.0002707 0.0008029 -0.0000268 
0.0003605 0.0007126 -0.0002749 0.0000377 -0.0001601 -0.0002424 -0.0007801 0.0002429 
-0.0005569 -0.0005984 0.0002472 -0.0001094 0.0002135 0.0001917 0.0006936 -0.0004315 
0.0006521 0.0004288 -0.0002169 0.0001767 -0.0002643 -0.0001239 -0.0005604 0.0006019 
-0.0007503 -0.0001957 0.0001640 -0.0002216 0.0002921 0.0000529 0.0003909 -0.0007406 
0.0007824 0.0000402 -0.0000957 0.0002593 -0.0002921 0.0000296 -0.0002041 0.0008153 
-0.0007124 0.0002035 0.0000334 -0.0002825 0.0002813 -0.0001153 -0.0000178 -0.0008333 
0.0006660 -0.0003782 0.0000452 0.0002742 -0.0002379 0.0001792 0.0002502 0.0008298 
-0.0005520 0.0005115 -0.0001218 -0.0002548 0.0001764 -0.0002367 -0.0004568 -0.0007361 
0.0003731 -0.0006398 0.0001816 0.0002169 -0.0001091 0.0002797 0.0006432 0.0006027 
-0.0001923 0.0007288 -0.0002333 -0.0001553 0.0000300 -0.0002935 -0.0007772 -0.0004101 
-0.0000140 -0.0007198 0.0002698 0.0000935 0.0000525 0.0002962 0.0008668 0.0001959 
0.0002401 0.0007061 -0.0002798 -0.0000196 -0.0001260 -0.0002732 -0.0008937 0.0000343 
-0.0003709 -0.0006131 0.0002786 -0.0000585 0.0001976 0.0002259 0.0008515 -0.0002594 
0.0005455 0.0004559 -0.0002573 0.0001236 -0.0002559 -0.0001692 -0.0007576 0.0004755 
-0.0006443 -0.0003192 0.0002100 -0.0001893 0.0002863 0.0000924 0.0006227 -0.0006638 
0.0006738 0.0001325 -0.0001555 0.0002418 -0.0003014 -0.0000083 -0.0004281 0.0008067 
-0.0006924 0.0000688 0.0000884 -0.0002717 0.0002955 -0.0000702 0.0002104 -0.0008954 
0.0006570 -0.0002373 -0.0000091 0.0002882 -0.0002609 0.0001482 0.0000359 0.0009269 
-0.0005450 0.0004190 -0.0000632 -0.0002821 0.0002156 -0.0002138 -0.0002750 -0.0008928 
0.0004384 -0.0005687 0.0001357 0.0002517 -0.0001518 0.0002597 0.0004976 0.0007938 
-0.0002591 0.0006344 -0.0001997 -0.0002102 0.0000733 -0.0002934 -0.0006856 -0.0006333 
0.0000603 -0.0007007 0.0002428 0.0001527 0.0000034 0.0003051 0.0008315 0.0004355 
0.0001099 0.0006944 -0.0002768 -0.0000798 -0.0000871 -0.0002888 -0.0009199 -0.0002164 
-0.0002882 -0.0006157 0.0002914 0.0000078 0.0001643 0.0002561 0.0009502 -0.0000290 
0.0004650 0.0005245 -0.0002810 0.0000683 -0.0002242 -0.0002043 -0.0009117 0.0002705 
-0.0005639 -0.0003971 0.0002561 -0.0001429 0.0002716 0.0001325 0.0008215 -0.0005046 
0.0006651 0.0002191 -0.0002100 0.0002021 -0.0002976 -0.0000583 -0.0006678 0.0006956 
-0.0007111 -0.0000673 0.0001471 -0.0002514 0.0002982 -0.0000227 0.0004662 -0.0008477 
0.0006871 -0.0001362 -0.0000787 0.0002832 -0.0002836 0.0001041 -0.0002310 0.0009423 
-0.0006462 0.0003156 0.0000031 -0.0002905 0.0002475 -0.0001719 -0.0000190 -0.0009744 
0.0005506 -0.0004645 0.0000760 0.0002831 -0.0001886 0.0002329 0.0002611 0.0009393 
-0.0003923 0.0005948 -0.0001444 -0.0002563 0.0001217 -0.0002775 -0.0004919 -0.0008465 
0.0002398 -0.0006966 0.0002059 0.0002078 -0.0000450 0.0002963 0.0006912 0.0006918 
-0.0000600 0.0007114 -0.0002560 -0.0001500 -0.0000388 -0.0002996 -0.0008483 -0.0005047 
-0.0001332 -0.0007282 0.0002840 0.0000773 0.0001141 0.0002781 0.0009462 0.0002725 
0.0002865 0.0006726 -0.0002960 0.0000014 -0.0001834 -0.0002341 -0.0009879 -0.0000249 
-0.0004663 -0.0005755 0.0002867 -0.0000766 0.0002406 0.0001788 0.0009648 -0.0002243 
0.0005916 0.0004576 -0.0002539 0.0001489 -0.0002749 -0.0001099 -0.0008814 0.0004648 
-0.0006902 -0.0003004 0.0002079 -0.0002109 0.0002954 0.0000310 0.0007379 -0.0006635 
0.0007477 0.0001010 -0.0001484 0.0002559 -0.0002959 0.0000461 -0.0005485 0.0008255 
-0.0007704 0.0000719 0.0000753 -0.0002851 0.0002697 -0.0001209 0.0003253 -0.0009403 
0.0007074 -0.0002602 -0.0000008 0.0002969 -0.0002299 0.0001900 -0.0000901 0.0009869 
-0.0006443 0.0004341 -0.0000766 -0.0002858 0.0001720 -0.0002415 -0.0001611 -0.0009781 
0.0005120 -0.0005571 0.0001499 0.0002572 -0.0000993 0.0002780 0.0003967 0.0009102 
-0.0003598 0.0006869 -0.0002095 -0.0002104 0.0000250 -0.0002952 -0.0006058 -0.0007868 
0.0001942 -0.0007515 0.0002563 0.0001464 0.0000514 0.0002873 0.0007836 0.0006152 
-0.0000094 0.0007744 -0.0002867 -0.0000768 -0.0001270 -0.0002653 -0.0009073 -0.0004072 
-0.0001888 -0.0007626 0.0002952 0.0000014 0.0001892 0.0002250 0.0009762 0.0001705 
0.0003535 0.0007045 -0.0002851 0.0000759 -0.0002401 -0.0001645 -0.0009953 0.0000709 
-0.0005201 -0.0005845 0.0002564 -0.0001450 0.0002754 0.0000985 0.0009378 -0.0003048 
0.0006450 0.0004614 -0.0002104 0.0002064 -0.0002898 -0.0000240 -0.0008385 0.0005287 
-0.0007246 -0.0002823 0.0001505 -0.0002543 0.0002859 -0.0000546 0.0006869 -0.0007125 
0.0007839 0.0001023 -0.0000805 0.0002834 -0.0002627 0.0001245 -0.0004965 0.0008563 
-0.0007847 0.0000811 0.0000030 -0.0002939 0.0002177 -0.0001867 0.0002779 -0.0009505 
0.0007386 -0.0002609 0.0000713 0.0002858 -0.0001634 0.0002378 -0.0000412 0.0009879 
-0.0006622 0.0004402 -0.0001414 -0.0002559 0.0000981 -0.0002690 -0.0002001 -0.0009682 
0.0005469 -0.0005655 0.0002029 0.0002109 -0.0000230 0.0002841 0.0004236 0.0008991 
-0.0003819 0.0006909 -0.0002486 -0.0001522 -0.0000485 -0.0002809 -0.0006233 -0.0007611 
0.0002235 -0.0007620 0.0002790 0.0000840 0.0001183 0.0002572 0.0007939 0.0005959 
-0.0000237 0.0007841 -0.0002913 -0.0000101 -0.0001821 -0.0002186 -0.0009107 -0.0003904 
-0.0001577 -0.0007758 0.0002831 -0.0000638 0.0002296 0.0001653 0.0009788 0.0001616 
0.0003368 0.0007179 -0.0002566 0.0001356 -0.0002628 -0.0000976 -0.0009891 0.0000741 
-0.0004898 -0.0006095 0.0002145 -0.0001951 0.0002803 0.0000291 0.0009439 -0.0003079 
0.0006319 0.0004823 -0.0001557 0.0002423 -0.0002749 0.0000425 -0.0008439 0.0005281 
-0.0007082 -0.0003236 0.0000889 -0.0002743 0.0002548 -0.0001137 0.0007025 -0.0007113 
0.0007794 0.0001326 -0.0000164 0.0002859 -0.0002172 0.0001719 -0.0005043 0.0008593 
-0.0007849 0.0000405 -0.0000559 -0.0002804 0.0001647 -0.0002210 0.0002922 -0.0009629 
0.0007485 -0.0002380 0.0001247 0.0002568 -0.0001036 0.0002569 -0.0000554 0.0010054 
-0.0006718 0.0004002 -0.0001844 -0.0002162 0.0000358 -0.0002728 -0.0001881 -0.0009958 
0.0005597 -0.0005592 0.0002340 0.0001620 0.0000378 0.0002723 0.0004179 0.0009221 
-0.0004047 0.0006635 -0.0002667 -0.0000985 -0.0001041 -0.0002548 -0.0006311 -0.0007992 
0.0002427 -0.0007499 0.0002813 0.0000263 0.0001643 0.0002163 0.0008088 0.0006287 
-0.0000591 0.0007668 -0.0002796 0.0000454 -0.0002164 -0.0001681 -0.0009353 -0.0004231 
-0.0001386 -0.0007733 0.0002570 -0.0001134 0.0002489 0.0001077 0.0010172 0.0001819 
0.0003055 0.0007153 -0.0002194 0.0001740 -0.0002677 -0.0000393 -0.0010390 0.0000607 
-0.0004773 -0.0006214 0.0001689 -0.0002228 0.0002699 -0.0000286 0.0009989 -0.0003091 
0.0006014 0.0004923 -0.0001072 0.0002567 -0.0002520 0.0000958 -0.0009040 0.0005448 
-0.0007060 -0.0003358 0.0000389 -0.0002767 0.0002192 -0.0001599 0.0007505 -0.0007480 
0.0007644 0.0001510 0.0000307 0.0002764 -0.0001727 0.0002083 -0.0005485 0.0009128 
-0.0007870 0.0000296 -0.0001000 -0.0002585 0.0001110 -0.0002449 0.0003172 -0.0010257 
0.0007464 -0.0002184 0.0001612 0.0002261 -0.0000465 0.0002676 -0.0000632 0.0010723 
-0.0006846 0.0003980 -0.0002115 -0.0001770 -0.0000232 -0.0002679 -0.0002026 -0.0010682 
0.0005700 -0.0005463 0.0002487 0.0001172 0.0000925 0.0002530 0.0004511 0.0009950 
-0.0004266 0.0006720 -0.0002692 -0.0000524 -0.0001519 -0.0002228 -0.0006817 -0.0008631 
0.0002536 -0.0007544 0.0002720 -0.0000167 0.0002032 0.0001746 0.0008762 0.0006791 
-0.0000689 0.0007961 -0.0002609 0.0000838 -0.0002444 -0.0001180 -0.0010207 -0.0004515 
-0.0001336 -0.0007961 0.0002302 -0.0001446 0.0002639 0.0000532 0.0011071 0.0001902 
0.0003096 0.0007482 -0.0001864 0.0001982 -0.0002695 0.0000185 -0.0011297 0.0000823 
-0.0004924 -0.0006445 0.0001321 -0.0002375 0.0002582 -0.0000848 0.0010777 -0.0003546 
0.0006372 0.0005224 -0.0000676 0.0002615 -0.0002255 0.0001480 -0.0009719 0.0006102 
-0.0007434 -0.0003539 -0.0000008 -0.0002699 0.0001805 -0.0002026 0.0007996 -0.0008277 
0.0008138 0.0001698 0.0000665 0.0002604 -0.0001245 0.0002399 -0.0005782 0.0010009 
-0.0008345 0.0000345 -0.0001296 -0.0002340 0.0000572 -0.0002636 0.0003242 -0.0011176 
0.0008030 -0.0002314 0.0001825 0.0001966 0.0000104 0.0002729 -0.0000471 0.0011690 
-0.0007370 0.0004287 -0.0002238 -0.0001432 -0.0000785 -0.0002579 -0.0002429 -0.0011544 
0.0006176 -0.0005856 0.0002532 0.0000831 0.0001443 0.0002307 0.0005152 0.0010691 
-0.0004533 0.0007311 -0.0002647 -0.0000190 -0.0001957 -0.0001882 -0.0007625 -0.0009125 
0.0002769 -0.0008226 0.0002604 -0.0000485 0.0002379 0.0001297 0.0009668 0.0007091 
-0.0000690 0.0008646 -0.0002402 0.0001124 -0.0002647 -0.0000652 -0.0011116 -0.0004556 
-0.0001401 -0.0008622 0.0002037 -0.0001669 0.0002702 -0.0000031 0.0011901 0.0001730 
0.0003496 0.0008119 -0.0001544 0.0002127 -0.0002600 0.0000738 -0.0012002 0.0001173 
-0.0005304 -0.0007015 0.0000991 -0.0002431 0.0002354 -0.0001356 0.0011414 -0.0004036 
0.0006992 0.0005655 -0.0000336 0.0002575 -0.0001895 0.0001896 -0.0010173 0.0006732 
-0.0008091 -0.0003813 -0.0000311 -0.0002593 0.0001366 -0.0002342 0.0008308 -0.0009001 
0.0008930 0.0001702 0.0000928 0.0002414 -0.0000739 0.0002574 -0.0005883 0.0010782 
-0.0009084 0.0000392 -0.0001515 -0.0002105 0.0000031 -0.0002683 0.0003140 -0.0011921 
0.0008704 -0.0002627 0.0001990 0.0001668 0.0000640 0.0002615 -0.0000156 0.0012333 
-0.0007845 0.0004653 -0.0002328 -0.0001109 -0.0001278 -0.0002335 -0.0002868 -0.0012012 
0.0006540 -0.0006515 0.0002535 0.0000482 0.0001840 0.0001929 0.0005643 0.0010962 
-0.0004746 0.0007898 -0.0002556 0.0000139 -0.0002238 -0.0001418 -0.0008126 -0.0009288 
0.0002773 -0.0008882 0.0002421 -0.0000789 0.0002513 0.0000765 0.0010167 0.0007142 
-0.0000519 0.0009239 -0.0002164 0.0001362 -0.0002641 -0.0000118 -0.0011594 -0.0004517 
-0.0001779 -0.0009156 0.0001734 -0.0001839 0.0002540 -0.0000548 0.0012382 0.0001582 
0.0003893 0.0008448 -0.0001221 0.0002229 -0.0002322 0.0001197 -0.0012410 0.0001419 
-0.0005863 -0.0007185 0.0000643 -0.0002460 0.0001951 -0.0001727 0.0011692 -0.0004400 
0.0007473 0.0005513 0.0000008 0.0002525 -0.0001410 0.0002157 -0.0010278 0.0007123 
-0.0008591 -0.0003566 -0.0000647 -0.0002456 0.0000816 -0.0002453 0.0008259 -0.0009367 
0.0009208 0.0001297 0.0001217 0.0002192 -0.0000184 0.0002538 -0.0005748 0.0011072 
-0.0009243 0.0000892 -0.0001747 -0.0001806 -0.0000502 -0.0002493 0.0002989 -0.0012150 
0.0008658 -0.0003193 0.0002131 0.0001328 0.0001091 0.0002291 -0.0000025 0.0012478 
-0.0007645 0.0005179 -0.0002382 -0.0000729 -0.0001632 -0.0001893 -0.0002995 -0.0012174 
0.0006067 -0.0006878 0.0002505 0.0000117 0.0002071 0.0001428 0.0005798 0.0011086 
-0.0004141 0.0008166 -0.0002450 0.0000492 -0.0002339 -0.0000864 -0.0008344 -0.0009377 
0.0001952 -0.0008932 0.0002236 -0.0001106 0.0002475 0.0000211 0.0010388 0.0007104 
0.0000227 0.0009100 -0.0001907 0.0001635 -0.0002455 0.0000417 -0.0011792 -0.0004393 
-0.0002529 -0.0008740 0.0001407 -0.0002041 0.0002221 -0.0001009 0.0012491 0.0001404 
0.0004512 0.0007798 -0.0000849 0.0002353 -0.0001898 0.0001570 -0.0012453 0.0001547 
-0.0006313 -0.0006347 0.0000251 -0.0002476 0.0001443 -0.0001967 0.0011687 -0.0004472 
0.0007635 0.0004596 0.0000402 0.0002449 -0.0000859 0.0002269 -0.0010340 0.0007142 
-0.0008487 -0.0002506 -0.0000991 -0.0002286 0.0000277 -0.0002420 0.0008313 -0.0009381 
0.0008856 0.0000296 0.0001508 0.0001960 0.0000333 0.0002383 -0.0005835 0.0011152 
-0.0008638 0.0001913 -0.0001969 -0.0001515 -0.0000954 -0.0002224 0.0003029 -0.0012293 
0.0007796 -0.0003891 0.0002284 0.0000996 0.0001469 0.0001923 0.0000004 0.0012664 
-0.0006561 0.0005758 -0.0002446 -0.0000361 -0.0001896 -0.0001445 -0.0003062 -0.0012304 
0.0004877 -0.0007086 0.0002491 -0.0000256 0.0002232 0.0000939 0.0005848 0.0011181 
-0.0002933 0.0008036 -0.0002327 0.0000852 -0.0002360 -0.0000350 -0.0008355 -0.0009414 
0.0000843 -0.0008438 0.0002041 -0.0001433 0.0002383 -0.0000290 0.0010366 0.0007198 
0.0001312 0.0008329 -0.0001632 0.0001876 -0.0002246 0.0000850 -0.0011768 -0.0004535 
-0.0003332 -0.0007767 0.0001101 -0.0002203 0.0001931 -0.0001377 0.0012547 0.0001614 
0.0005107 0.0006719 -0.0000516 0.0002430 -0.0001537 0.0001845 -0.0012633 0.0001372 
-0.0006438 -0.0005128 -0.0000078 -0.0002475 0.0001036 -0.0002156 0.0011974 -0.0004343 
0.0007490 0.0003370 0.0000727 0.0002368 -0.0000417 0.0002347 -0.0010614 0.0007086 
-0.0007994 -0.0001402 -0.0001285 -0.0002146 -0.0000159 -0.0002408 0.0008542 -0.0009398 
0.0008042 -0.0000676 0.0001759 0.0001733 0.0000749 0.0002257 -0.0006030 0.0011154 
-0.0007616 0.0002593 -0.0002162 -0.0001246 -0.0001321 -0.0002017 0.0003245 -0.0012257 
0.0006651 -0.0004343 0.0002380 0.0000683 0.0001753 0.0001633 -0.0000242 0.0012667 
-0.0005438 0.0005815 -0.0002456 -0.0000052 -0.0002102 -0.0001112 -0.0002748 -0.0012414 
0.0003876 -0.0006845 0.0002413 -0.0000549 0.0002341 0.0000573 0.0005542 0.0011466 
-0.0001982 0.0007492 -0.0002188 0.0001107 -0.0002389 0.0000021 -0.0008123 -0.0009825 
0.0000125 -0.0007724 0.0001841 -0.0001647 0.0002315 -0.0000659 0.0010222 0.0007644 
0.0001736 0.0007445 -0.0001404 0.0002035 -0.0002100 0.0001187 -0.0011756 -0.0004948 
-0.0003490 -0.0006707 0.0000829 -0.0002303 0.0001704 -0.0001679 0.0012643 0.0001991 
0.0004983 0.0005686 -0.0000243 0.0002460 -0.0001253 0.0002077 -0.0012707 0.0001017 
-0.0006102 -0.0004224 -0.0000366 -0.0002415 0.0000697 -0.0002294 0.0012081 -0.0003999 
0.0006904 0.0002671 0.0000976 0.0002230 -0.0000069 0.0002395 -0.0010819 0.0006710 
-0.0007187 -0.0000977 -0.0001485 -0.0001938 -0.0000511 -0.0002357 0.0008950 -0.0009007 
0.0007132 -0.0000898 0.0001895 0.0001489 0.0001082 0.0002131 -0.0006559 0.0010866 
-0.0006688 0.0002511 -0.0002236 -0.0000976 -0.0001623 -0.0001803 0.0003834 -0.0012102 
0.0005794 -0.0003979 0.0002381 0.0000413 0.0001988 0.0001350 -0.0000813 0.0012685 
-0.0004607 0.0005267 -0.0002398 0.0000219 -0.0002274 -0.0000773 -0.0002227 -0.0012566 
0.0003257 -0.0006095 0.0002286 -0.0000791 0.0002410 0.0000201 0.0005097 0.0011604 
-0.0001587 0.0006610 -0.0001990 0.0001330 -0.0002353 0.0000421 -0.0007707 -0.0010060 
0.0000032 -0.0006720 0.0001583 -0.0001810 0.0002172 -0.0001032 0.0009807 0.0007954 
0.0001524 0.0006352 -0.0001098 0.0002125 -0.0001853 0.0001521 -0.0011321 -0.0005391 
-0.0003092 -0.0005774 0.0000507 -0.0002313 0.0001378 -0.0001942 0.0012263 0.0002555 
0.0004266 0.0004860 0.0000075 0.0002395 -0.0000855 0.0002261 -0.0012490 0.0000395 
-0.0005227 -0.0003608 -0.0000649 -0.0002264 0.0000257 -0.0002362 0.0012069 -0.0003351 
0.0005964 0.0002203 0.0001229 0.0002026 0.0000389 0.0002366 -0.0010964 0.0006087 
-0.0006143 -0.0000791 -0.0001670 -0.0001666 -0.0000951 -0.0002195 0.0009147 -0.0008476 
0.0006084 -0.0000833 0.0002039 0.0001168 0.0001494 0.0001842 -0.0006841 0.0010401 
-0.0005644 0.0002143 -0.0002293 -0.0000613 -0.0001942 -0.0001408 0.0004181 -0.0011665 
0.0004770 -0.0003417 0.0002351 0.0000031 0.0002209 0.0000864 -0.0001242 0.0012228 
-0.0003854 0.0004534 -0.0002269 0.0000591 -0.0002360 -0.0000240 -0.0001673 -0.0012162 
0.0002656 -0.0005201 0.0002075 -0.0001129 0.0002367 -0.0000354 0.0004491 0.0011352 
-0.0001232 0.0005614 -0.0001684 0.0001598 -0.0002151 0.0000953 -0.0007018 -0.0010004 
-0.0000126 -0.0005780 0.0001228 -0.0002007 0.0001850 -0.0001512 0.0009141 0.0008053 
0.0001458 0.0005358 -0.0000692 0.0002225 -0.0001397 0.0001908 -0.0010778 -0.0005599 
-0.0002837 -0.0004866 0.0000079 -0.0002337 0.0000820 -0.0002219 0.0011772 0.0002866 
0.0003793 0.0003976 0.0000513 0.0002313 -0.0000234 0.0002380 -0.0012034 0.0000026 
-0.0004665 -0.0002766 -0.0001075 -0.0002082 -0.0000396 -0.0002324 0.0011595 -0.0002958 
0.0005210 0.0001638 0.0001602 0.0001734 0.0001012 0.0002148 -0.0010536 0.0005578 
-0.0005314 -0.0000349 -0.0001975 -0.0001295 -0.0001510 -0.0001832 0.0008835 -0.0007901 
0.0005201 -0.0001048 0.0002230 0.0000712 0.0001940 0.0001331 -0.0006709 0.0009703 
-0.0004872 0.0002202 -0.0002376 -0.0000129 -0.0002245 -0.0000807 0.0004184 -0.0010923 
0.0003965 -0.0003276 0.0002302 -0.0000477 0.0002344 0.0000186 -0.0001433 0.0011598 
-0.0003125 0.0004286 -0.0002120 0.0001073 -0.0002328 0.0000458 -0.0001360 -0.0011569 
0.0001964 -0.0004769 0.0001810 -0.0001572 0.0002146 -0.0001028 0.0004082 0.0010815 
-0.0000614 0.0005168 -0.0001325 0.0001978 -0.0001767 0.0001558 -0.0006606 -0.0009467 
-0.0000524 -0.0005166 0.0000775 -0.0002287 0.0001308 -0.0001985 0.0008586 0.0007592 
0.0001760 0.0004748 -0.0000183 0.0002392 -0.0000761 0.0002223 -0.0010110 -0.0005256 
-0.0002951 -0.0004215 -0.0000474 -0.0002362 0.0000111 -0.0002354 0.0010962 0.0002691 
0.0003769 0.0003457 0.0001049 0.0002197 0.0000475 0.0002317 -0.0011173 0.0000026 
-0.0004513 -0.0002266 -0.0001578 -0.0001829 -0.0001072 -0.0002077 0.0010822 -0.0002674 
0.0005031 0.0001243 0.0002019 0.0001379 0.0001596 0.0001743 -0.0009813 0.0005139 
-0.0005063 0.0000048 -0.0002292 -0.0000848 -0.0001967 -0.0001278 0.0008217 -0.0007322 
0.0005018 -0.0001349 0.0002435 0.0000207 0.0002236 0.0000682 -0.0006208 0.0009089 
-0.0004519 0.0002370 -0.0002442 0.0000417 -0.0002349 -0.0000088 0.0003822 -0.0010195 
0.0003687 -0.0003413 0.0002230 -0.0001018 0.0002250 -0.0000515 -0.0001253 0.0010740 
-0.0002833 0.0004286 -0.0001907 0.0001595 -0.0002049 0.0001123 -0.0001366 -0.0010603 
0.0001828 -0.0004682 0.0001463 -0.0002011 0.0001689 -0.0001580 0.0003859 0.0009855 
-0.0000479 0.0005059 -0.0000874 0.0002327 -0.0001183 0.0001969 -0.0006034 -0.0008605 
-0.0000558 -0.0005108 0.0000262 -0.0002492 0.0000646 -0.0002223 0.0007823 0.0006863 
0.0001834 0.0004717 0.0000359 0.0002457 -0.0000052 0.0002276 -0.0009187 -0.0004734 
-0.0002926 -0.0004287 -0.0001006 -0.0002286 -0.0000575 -0.0002214 0.0010004 0.0002440 
0.0003716 0.0003394 0.0001545 0.0001982 0.0001115 0.0001991 -0.0010170 0.0000032 
-0.0004447 -0.0002316 -0.0001990 -0.0001492 -0.0001586 -0.0001587 0.0009790 -0.0002437 
0.0004944 0.0001306 0.0002350 0.0000949 0.0001976 0.0001131 -0.0008792 0.0004696 
-0.0004924 -0.0000144 -0.0002489 -0.0000335 -0.0002157 -0.0000578 0.0007350 -0.0006607 
0.0004950 -0.0001184 0.0002500 -0.0000339 0.0002234 -0.0000035 -0.0005507 0.0008025 
-0.0004537 0.0002072 -0.0002344 0.0000951 -0.0002156 0.0000594 0.0003389 -0.0009015 
0.0003841 -0.0003200 0.0001992 -0.0001504 0.0001882 -0.0001135 -0.0001172 0.0009474 
-0.0003121 0.0003965 -0.0001549 0.0001989 -0.0001531 0.0001610 -0.0001032 -0.0009392 
0.0001994 -0.0004490 0.0001010 -0.0002300 0.0001059 -0.0001933 0.0003198 0.0008773 
-0.0000794 0.0004897 -0.0000358 0.0002472 -0.0000475 0.0002136 -0.0005122 -0.0007679 
-0.0000238 -0.0004992 -0.0000268 -0.0002520 -0.0000078 -0.0002210 0.0006750 0.0006173 
0.0001406 0.0004538 0.0000892 0.0002334 0.0000660 0.0002070 -0.0007946 -0.0004400 
-0.0002590 -0.0004268 -0.0001482 -0.0002039 -0.0001201 -0.0001834 0.0008581 0.0002343 
0.0003251 0.0003508 0.0001937 0.0001601 0.0001615 0.0001465 -0.0008786 -0.0000249 
-0.0004099 -0.0002548 -0.0002270 -0.0001015 -0.0001945 -0.0000952 0.0008518 -0.0001741 
0.0004528 0.0001624 0.0002479 0.0000408 0.0002150 0.0000431 -0.0007755 0.0003561 
-0.0004675 -0.0000382 -0.0002478 0.0000224 -0.0002171 0.0000144 0.0006644 -0.0005219 
0.0004741 -0.0000803 0.0002332 -0.0000876 0.0002063 -0.0000743 -0.0005189 0.0006512 
-0.0004408 0.0001693 -0.0002060 0.0001421 -0.0001824 0.0001229 0.0003504 -0.0007505 
0.0003603 -0.0002765 0.0001594 -0.0001891 0.0001404 -0.0001677 -0.0001735 0.0008001 
-0.0003061 0.0003650 -0.0001068 0.0002260 -0.0000935 0.0002012 -0.0000230 -0.0008041 
0.0002016 -0.0004016 0.0000467 -0.0002439 0.0000391 -0.0002165 0.0002036 0.0007687 
-0.0000937 0.0004476 0.0000214 0.0002476 0.0000224 0.0002207 -0.0003645 -0.0006932 
-0.0000050 -0.0004477 -0.0000827 -0.0002357 -0.0000766 -0.0002101 0.0005014 0.0005823 
0.0001234 0.0004240 0.0001391 0.0002043 0.0001286 0.0001819 -0.0006131 -0.0004493 
-0.0002266 -0.0003966 -0.0001893 -0.0001621 -0.0001752 -0.0001439 0.0006881 0.0002948 
0.0002902 0.0003273 0.0002218 0.0001107 0.0002041 0.0000962 -0.0007342 -0.0001354 
-0.0003756 -0.0002231 -0.0002424 -0.0000473 -0.0002244 -0.0000371 0.0007352 -0.0000251 
0.0004189 0.0001550 0.0002487 -0.0000148 0.0002300 -0.0000204 -0.0007030 0.0001960 
-0.0004199 -0.0000337 -0.0002352 0.0000765 -0.0002149 0.0000780 0.0006357 -0.0003431 
0.0004303 -0.0000693 0.0002082 -0.0001382 0.0001900 -0.0001349 -0.0005376 0.0004674 
-0.0003890 0.0001571 -0.0001685 0.0001851 -0.0001517 0.0001770 0.0004132 -0.0005695 
0.0003343 -0.0002596 0.0001131 -0.0002212 0.0001001 -0.0002105 -0.0002761 0.0006378 
-0.0002788 0.0003336 -0.0000538 0.0002459 -0.0000449 0.0002335 0.0001267 -0.0006750 
0.0001818 -0.0003652 -0.0000087 -0.0002479 -0.0000145 -0.0002345 0.0000176 0.0006874 
-0.0000730 0.0004203 0.0000738 0.0002379 0.0000775 0.0002260 -0.0001628 -0.0006552 
0.0000004 -0.0004136 -0.0001303 -0.0002132 -0.0001315 -0.0002021 0.0003093 0.0006071 
0.0001204 0.0003911 0.0001795 0.0001719 0.0001784 0.0001599 -0.0004282 -0.0005234 
-0.0002033 -0.0003636 -0.0002206 -0.0001221 -0.0002169 -0.0001118 0.0005299 0.0004106 
0.0002770 0.0002909 0.0002430 0.0000637 0.0002360 0.0000544 -0.0006045 -0.0002823 
-0.0003484 -0.0002159 -0.0002506 0.0000021 -0.0002426 0.0000089 0.0006470 0.0001408 
0.0003843 0.0001464 0.0002452 -0.0000647 0.0002369 -0.0000681 -0.0006606 0.0000040 
-0.0003835 -0.0000365 -0.0002172 0.0001231 -0.0002085 0.0001253 0.0006428 -0.0001394 
0.0004114 -0.0000585 0.0001802 -0.0001756 0.0001731 -0.0001767 -0.0005873 0.0002742 
-0.0003631 0.0001244 -0.0001314 0.0002138 -0.0001248 0.0002139 0.0005243 -0.0004032 
0.0003184 -0.0002310 0.0000720 -0.0002395 0.0000639 -0.0002385 -0.0004257 0.0005051 
-0.0002736 0.0002852 -0.0000115 0.0002528 -0.0000041 0.0002500 0.0002981 -0.0005862 
0.0001863 -0.0003379 -0.0000511 -0.0002459 -0.0000589 -0.0002399 -0.0001625 0.0006421 
-0.0001085 0.0003815 0.0001132 0.0002251 0.0001196 0.0002174 0.0000149 -0.0006607 
0.0000330 -0.0003809 -0.0001653 -0.0001922 -0.0001683 -0.0001838 0.0001340 0.0006509 
0.0000759 0.0003651 0.0002073 0.0001412 0.0002093 0.0001311 -0.0002660 -0.0006019 
-0.0001521 -0.0003685 -0.0002377 -0.0000853 -0.0002382 -0.0000765 0.0003976 0.0005213 
0.0002095 0.0002969 0.0002493 0.0000249 0.0002480 0.0000159 -0.0005050 -0.0004335 
-0.0002928 -0.0002421 -0.0002473 0.0000406 -0.0002441 0.0000511 0.0005902 0.0003131 
0.0003262 0.0001867 0.0002315 -0.0000978 0.0002256 -0.0001080 -0.0006461 -0.0001686 
-0.0003642 -0.0000959 -0.0001983 0.0001519 -0.0001875 0.0001620 0.0006723 0.0000198 
0.0003837 0.0000181 0.0001545 -0.0001984 0.0001400 -0.0002065 -0.0006638 0.0001337 
-0.0003587 0.0000582 -0.0001017 0.0002293 -0.0000858 0.0002322 0.0006225 -0.0002829 
0.0003322 -0.0001610 0.0000387 -0.0002473 0.0000203 -0.0002470 -0.0005342 0.0004113 
-0.0003068 0.0002194 0.0000239 0.0002502 0.0000409 0.0002459 0.0004228 -0.0005282 
0.0002199 -0.0002738 -0.0000837 -0.0002340 -0.0000994 -0.0002248 -0.0003031 0.0006079 
-0.0001593 0.0003359 0.0001420 0.0002054 0.0001580 0.0001926 0.0001613 -0.0006630 
0.0000889 -0.0003446 -0.0001848 -0.0001661 -0.0001977 -0.0001489 -0.0000010 0.0006815 
0.0000033 0.0003658 0.0002202 0.0001126 0.0002301 0.0000895 -0.0001509 -0.0006697 
-0.0000769 -0.0003552 -0.0002433 -0.0000551 -0.0002481 -0.0000278 0.0003012 0.0006238 
0.0001529 0.0003140 0.0002468 -0.0000052 0.0002425 -0.0000339 -0.0004405 -0.0005411 
-0.0002435 -0.0002774 -0.0002400 0.0000695 -0.0002285 0.0000991 0.0005517 0.0004170 
0.0002852 0.0002176 0.0002162 -0.0001273 0.0001977 -0.0001509 -0.0006400 -0.0002804 
-0.0003349 -0.0001236 -0.0001750 0.0001757 -0.0001493 0.0001938 0.0006779 0.0001295 
0.0003570 0.0000505 0.0001264 -0.0002164 0.0000969 -0.0002304 -0.0006903 0.0000262 
-0.0003511 0.0000323 -0.0000704 0.0002376 -0.0000368 0.0002435 0.0006635 -0.0001889 
0.0003418 -0.0001121 0.0000074 -0.0002477 -0.0000306 -0.0002464 -0.0006121 0.0003344 
-0.0003024 0.0001952 0.0000540 0.0002451 0.0000927 0.0002349 0.0005215 -0.0004583 
0.0002421 -0.0002582 -0.0001109 -0.0002208 -0.0001465 -0.0001973 -0.0004000 0.0005733 
-0.0001823 0.0003344 0.0001661 0.0001899 0.0001969 0.0001574 0.0002535 -0.0006515 
0.0000959 -0.0003524 -0.0002088 -0.0001427 -0.0002280 -0.0001025 -0.0000955 0.0007030 
0.0000135 0.0003802 0.0002374 0.0000836 0.0002444 0.0000378 -0.0000660 -0.0006925 
-0.0000922 -0.0003717 -0.0002540 -0.0000236 -0.0002514 0.0000226 0.0002209 0.0006543 
0.0001909 0.0003291 0.0002482 -0.0000397 0.0002328 -0.0000849 -0.0003714 -0.0005847 
-0.0002598 -0.0002785 -0.0002319 0.0001026 -0.0002064 0.0001465 0.0004910 0.0004922 
0.0003283 0.0001967 0.0002022 -0.0001568 0.0001671 -0.0001934 -0.0005789 -0.0003619 
-0.0003713 -0.0001208 -0.0001546 0.0001999 -0.0001059 0.0002266 0.0006539 0.0002162 
0.0004091 0.0000318 0.0001026 -0.0002363 0.0000484 -0.0002521 -0.0006932 -0.0000631 
-0.0004054 0.0000728 -0.0000420 0.0002556 0.0000159 0.0002526 0.0006910 -0.0000977 
0.0003791 -0.0001852 -0.0000280 -0.0002584 -0.0000857 -0.0002385 -0.0006444 0.0002611 
-0.0003390 0.0002771 0.0000876 0.0002475 0.0001378 0.0002150 0.0005533 -0.0003929 
0.0002482 -0.0003534 -0.0001484 -0.0002142 -0.0001884 -0.0001671 -0.0004501 0.0005233 
-0.0001469 0.0004015 0.0001985 0.0001708 0.0002289 0.0001162 0.0003263 -0.0006028 
0.0000515 -0.0004381 -0.0002342 -0.0001190 -0.0002497 -0.0000601 -0.0001639 0.0006464 
0.0000533 0.0004437 0.0002555 0.0000544 0.0002539 -0.0000125 0.0000131 -0.0006720 
-0.0001507 -0.0004321 -0.0002653 0.0000096 -0.0002482 0.0000738 0.0001358 0.0006595 
0.0002576 0.0003926 0.0002555 -0.0000727 0.0002170 -0.0001318 -0.0002850 -0.0006130 
-0.0003515 -0.0003224 -0.0002298 0.0001403 -0.0001742 0.0001912 0.0004245 0.0005303 
0.0004283 0.0002429 0.0001915 -0.0001891 0.0001262 -0.0002214 -0.0005292 -0.0003965 
-0.0004747 -0.0001251 -0.0001331 0.0002337 -0.0000583 0.0002470 0.0006245 0.0002700 
0.0004926 -0.0000074 0.0000712 -0.0002609 -0.0000027 -0.0002571 -0.0006530 -0.0001190 
-0.0004891 0.0001028 -0.0000069 0.0002689 0.0000610 0.0002451 0.0006508 -0.0000561 
0.0004459 -0.0002276 -0.0000652 -0.0002619 -0.0001305 -0.0002203 -0.0006326 0.0001957 
-0.0003916 0.0003042 0.0001252 0.0002390 0.0001763 0.0001837 0.0005562 -0.0003282 
0.0003183 -0.0003872 -0.0001767 -0.0001990 -0.0002148 -0.0001258 -0.0004686 0.0004549 
-0.0002179 0.0004611 0.0002272 0.0001511 0.0002500 0.0000669 0.0003571 -0.0005514 
0.0001242 -0.0005080 -0.0002520 -0.0000913 -0.0002483 -0.0000059 -0.0001894 0.0006210 
0.0000154 0.0005143 0.0002691 0.0000195 0.0002424 -0.0000650 0.0000539 -0.0006615 
-0.0001619 -0.0005026 -0.0002665 0.0000491 -0.0002205 0.0001201 0.0001140 0.0006304 
0.0002259 0.0004526 0.0002420 -0.0001093 0.0001772 -0.0001634 -0.0002863 -0.0005848 
-0.0003524 -0.0003757 -0.0002062 0.0001734 -0.0001304 0.0002152 0.0003942 0.0005100 
0.0003867 0.0002792 0.0001552 -0.0002137 0.0000737 -0.0002326 -0.0005069 -0.0003798 
-0.0004389 -0.0001967 -0.0000966 0.0002402 -0.0000069 0.0002413 0.0005751 0.0002562 
0.0004779 0.0000896 0.0000363 -0.0002624 -0.0000553 -0.0002459 -0.0006202 -0.0001130 
-0.0004824 0.0000077 0.0000295 0.0002543 0.0001126 0.0002101 0.0006424 -0.0000646 
0.0004683 -0.0001283 -0.0000989 -0.0002399 -0.0001700 -0.0001760 -0.0006139 0.0001953 
-0.0004344 0.0002416 0.0001553 0.0002081 0.0002014 0.0001290 0.0005181 -0.0003603 
0.0003492 -0.0003000 -0.0001973 -0.0001574 -0.0002185 -0.0000647 -0.0004363 0.0005008 
-0.0002596 0.0003945 0.0002372 0.0001010 0.0002409 0.0000089 0.0003026 -0.0005618 
0.0001505 -0.0003883 -0.0002458 -0.0000373 -0.0002236 0.0000492 -0.0001212 0.0006284 
-0.0000535 0.0003908 0.0002402 -0.0000303 0.0002027 -0.0001133 -0.0000228 -0.0006297 
-0.0000148 -0.0004184 -0.0002308 0.0000801 -0.0001796 0.0001539 0.0001804 0.0005907 
0.0001020 0.0003628 0.0001889 -0.0001382 0.0001142 -0.0001956 -0.0003446 -0.0005692 
-0.0001992 -0.0003576 -0.0001504 0.0001853 -0.0000669 0.0002257 0.0004387 0.0004478 
0.0002698 0.0003114 0.0001003 -0.0002183 0.0000084 -0.0002265 -0.0005838 -0.0003088 
-0.0003151 -0.0001863 -0.0000355 0.0002284 0.0000630 0.0002080 0.0006615 0.0001860 
0.0003410 0.0001252 -0.0000257 -0.0002343 -0.0001098 -0.0001980 -0.0006509 0.0000063 
-0.0003171 0.0000142 0.0000819 0.0002100 0.0001500 0.0001515 0.0006597 -0.0001913 
0.0002668 -0.0000775 -0.0001416 -0.0001718 -0.0001958 -0.0001063 -0.0005776 0.0003442 
-0.0002590 0.0001085 0.0001634 0.0001360 0.0002002 0.0000698 0.0004494 -0.0005014 
0.0001760 -0.0001588 -0.0001957 -0.0000709 -0.0002156 0.0000137 -0.0003715 0.0006008 
-0.0001776 0.0001945 0.0002112 0.0000276 0.0002149 -0.0000538 0.0001647 -0.0006411 
0.0001130 -0.0002022 -0.0002094 0.0000259 -0.0001785 0.0001083 -0.0000093 0.0007451 
0.0000401 0.0002236 0.0001844 -0.0000900 0.0001279 -0.0001726 -0.0001485 -0.0007327 
-0.0000212 -0.0001605 -0.0001622 0.0001263 -0.0000948 0.0001832 0.0003834 0.0006092 
0.0001948 0.0001349 0.0001110 -0.0001656 0.0000249 -0.0001994 -0.0005529 -0.0005720 
-0.0002134 -0.0000191 -0.0000522 0.0002093 0.0000225 0.0002202 0.0006731 0.0003912 
0.0001411 -0.0000608 -0.0000041 -0.0001796 -0.0000579 -0.0001653 -0.0008254 -0.0001538 
-0.0001335 0.0001225 0.0000730 0.0001815 0.0001382 0.0001597 0.0008051 0.0000331 
0.0000634 -0.0001376 -0.0001032 -0.0001618 -0.0001552 -0.0001305 -0.0007823 0.0002656 
-0.0000067 0.0001192 0.0001327 0.0001230 0.0001836 0.0000631 0.0007861 -0.0003974 
-0.0000548 -0.0003076 -0.0001893 -0.0000631 -0.0002394 0.0000141 -0.0006700 0.0005817 
0.0002136 0.0001955 0.0001742 0.0000292 0.0001824 -0.0000505 0.0004330 -0.0008593 
