%19-Mar-2019 16:15:16
%Comment: Enter a comment
%--------------------------------------------- 
%                   Setup 
%--------------------------------------------- 
%Number of measurements stored in this file: 1
%Center Frequency: 1.5GHz
%Center Frequency: 1.5GHz
%Number of Averages: 4 
%Start Pos: 0 degrees
%Stop Pos: 0 degrees
%Polarizations in order: VVVHHVHH 
%Columns of real and imaginary data. Col 1 = real, col 2 = imaginary. If more than 2 columns, odd columns are real and even columns are imaginary. 
%Az: 0 ================== 
0.0008700 0.0004100 -0.0002255 -0.0001276 -0.0000954 -0.0002247 -0.0011702 0.0007868 
-0.0015926 -0.0006236 0.0001057 0.0000538 -0.0000011 0.0001341 0.0004210 -0.0011868 
0.0015060 0.0003269 -0.0001217 -0.0000036 -0.0000218 -0.0001000 -0.0001597 0.0011155 
-0.0015206 0.0001815 0.0001308 0.0000044 0.0000510 0.0001279 -0.0001970 -0.0010452 
0.0012956 -0.0004392 -0.0000879 0.0000163 -0.0000410 -0.0001129 0.0003687 0.0008502 
-0.0010099 0.0006637 0.0001065 -0.0000577 0.0000837 0.0000808 -0.0005342 -0.0006142 
0.0006519 -0.0008636 -0.0001110 0.0000433 -0.0001003 -0.0000989 0.0005709 0.0003932 
-0.0005569 0.0008585 0.0000784 -0.0000799 0.0000985 0.0000599 -0.0004929 -0.0002629 
0.0000221 -0.0007320 -0.0001029 0.0001338 -0.0001486 -0.0000108 0.0003816 0.0001507 
-0.0000311 0.0008706 0.0000637 -0.0001045 0.0001291 0.0000254 -0.0004477 0.0000300 
-0.0000910 -0.0006880 -0.0000210 0.0001255 -0.0001154 0.0000068 0.0003513 -0.0001047 
0.0003446 0.0006709 0.0000083 -0.0001377 0.0001362 -0.0000423 -0.0002834 0.0001774 
-0.0003791 -0.0005437 0.0000319 0.0001067 -0.0001149 0.0000500 0.0001897 -0.0002275 
0.0004372 0.0003045 -0.0000706 -0.0001221 0.0000913 -0.0000981 -0.0000803 0.0002106 
-0.0005465 -0.0001225 0.0000731 0.0001064 -0.0000892 0.0001167 0.0000055 -0.0001794 
0.0004150 0.0000547 -0.0001086 -0.0000737 0.0000443 -0.0001234 0.0000199 0.0000544 
-0.0003516 0.0002584 0.0001396 0.0000760 -0.0000012 0.0001597 -0.0000629 0.0000564 
0.0003143 -0.0001530 -0.0001264 -0.0000276 -0.0000134 -0.0001402 0.0000213 -0.0000026 
-0.0001537 0.0001794 0.0001405 -0.0000176 0.0000553 0.0001209 0.0000238 0.0000507 
0.0001458 -0.0002411 -0.0001342 0.0000401 -0.0000856 -0.0001204 -0.0000450 -0.0000419 
-0.0000752 0.0001773 0.0001006 -0.0000854 0.0001016 0.0000864 0.0000803 0.0000397 
-0.0000611 -0.0001723 -0.0000945 0.0001151 -0.0001368 -0.0000532 -0.0001122 -0.0000277 
0.0001138 0.0002047 0.0000589 -0.0001185 0.0001431 0.0000287 0.0001424 -0.0000143 
-0.0001065 -0.0000446 -0.0000184 0.0001400 -0.0001378 0.0000206 -0.0002120 0.0000470 
0.0002386 0.0000363 0.0000052 -0.0001447 0.0001488 -0.0000608 0.0002317 -0.0000751 
-0.0001135 0.0000342 0.0000460 0.0001228 -0.0001141 0.0000831 -0.0001611 0.0001820 
0.0000833 -0.0001546 -0.0000874 -0.0001165 0.0000772 -0.0001195 0.0001275 -0.0002433 
-0.0000558 0.0001087 0.0001051 0.0000885 -0.0000552 0.0001338 -0.0000450 0.0002842 
-0.0000406 -0.0001278 -0.0001385 -0.0000438 0.0000080 -0.0001374 -0.0000343 -0.0003025 
0.0000657 0.0001822 0.0001467 0.0000200 0.0000319 0.0001469 0.0001066 0.0002922 
-0.0000526 -0.0001216 -0.0001340 0.0000271 -0.0000632 -0.0001283 -0.0002007 -0.0002606 
0.0001917 0.0001024 0.0001312 -0.0000686 0.0001057 0.0001007 0.0002459 0.0002405 
-0.0001091 -0.0001450 -0.0001045 0.0000779 -0.0001292 -0.0000896 -0.0002607 -0.0001787 
0.0001961 -0.0000105 0.0000668 -0.0001235 0.0001419 0.0000304 0.0003630 0.0000663 
-0.0002453 0.0000556 -0.0000389 0.0001432 -0.0001530 0.0000178 -0.0003760 0.0000183 
0.0001670 -0.0001146 -0.0000055 -0.0001414 0.0001384 -0.0000499 0.0003715 -0.0001445 
-0.0001443 0.0001803 0.0000530 0.0001483 -0.0001159 0.0000956 -0.0003298 0.0002351 
0.0001312 -0.0001851 -0.0000824 -0.0001271 0.0000951 -0.0001265 0.0002469 -0.0003188 
-0.0000414 0.0001687 0.0001222 0.0000880 -0.0000495 0.0001425 -0.0001583 0.0003883 
0.0000046 -0.0002587 -0.0001466 -0.0000602 0.0000043 -0.0001618 0.0000644 -0.0003913 
0.0000113 0.0001713 0.0001426 0.0000127 0.0000293 0.0001557 0.0000553 0.0003833 
-0.0001284 -0.0001903 -0.0001555 0.0000369 -0.0000863 -0.0001362 -0.0001584 -0.0003876 
0.0001340 0.0001933 0.0001431 -0.0000720 0.0001278 0.0001143 0.0002536 0.0003249 
-0.0001887 -0.0000932 -0.0001110 0.0001148 -0.0001482 -0.0000693 -0.0003435 -0.0002536 
0.0002256 0.0000678 0.0000883 -0.0001464 0.0001720 0.0000225 0.0004017 0.0001535 
-0.0001866 -0.0000363 -0.0000397 0.0001575 -0.0001716 0.0000183 -0.0004265 -0.0000317 
0.0001614 -0.0000701 -0.0000140 -0.0001726 0.0001560 -0.0000743 0.0004302 -0.0000794 
-0.0001852 0.0000683 0.0000545 0.0001645 -0.0001390 0.0001175 -0.0003639 0.0001861 
0.0000883 -0.0000980 -0.0001059 -0.0001332 0.0000960 -0.0001435 0.0002924 -0.0003037 
-0.0000934 0.0001517 0.0001446 0.0001113 -0.0000497 0.0001774 -0.0002248 0.0003534 
0.0000739 -0.0001319 -0.0001635 -0.0000689 0.0000046 -0.0001894 0.0001098 -0.0003963 
-0.0000042 0.0001523 0.0001829 0.0000157 0.0000547 0.0001800 -0.0000093 0.0004157 
-0.0000278 -0.0001596 -0.0001826 0.0000249 -0.0001050 -0.0001654 -0.0001122 -0.0003994 
0.0000504 0.0001046 0.0001635 -0.0000803 0.0001415 0.0001281 0.0002129 0.0003563 
-0.0001308 -0.0000740 -0.0001450 0.0001275 -0.0001799 -0.0000811 -0.0002908 -0.0002871 
0.0000908 0.0000705 0.0001048 -0.0001584 0.0001973 0.0000348 0.0003610 0.0001734 
-0.0001131 0.0000158 -0.0000501 0.0001895 -0.0001936 0.0000271 -0.0004094 -0.0000694 
0.0001223 -0.0000165 0.0000058 -0.0002001 0.0001889 -0.0000825 0.0003936 -0.0000283 
-0.0000751 0.0000354 0.0000489 0.0001879 -0.0001617 0.0001254 -0.0003726 0.0001415 
0.0000739 -0.0000724 -0.0001035 -0.0001742 0.0001170 -0.0001724 0.0003133 -0.0002279 
-0.0000662 0.0000861 0.0001388 0.0001392 -0.0000712 0.0001996 -0.0002405 0.0003102 
0.0000009 -0.0000935 -0.0001781 -0.0000921 0.0000102 -0.0002080 0.0001498 -0.0003581 
0.0000162 0.0001365 0.0001994 0.0000480 0.0000497 0.0002092 -0.0000484 0.0003741 
-0.0000424 -0.0000786 -0.0002016 0.0000094 -0.0001012 -0.0001874 -0.0000673 -0.0003796 
0.0001153 0.0000998 0.0002025 -0.0000688 0.0001577 0.0001473 0.0001633 0.0003633 
-0.0001004 -0.0000661 -0.0001746 0.0001131 -0.0001907 -0.0001067 -0.0002419 -0.0002840 
0.0001034 0.0000073 0.0001328 -0.0001571 0.0002079 0.0000519 0.0003138 0.0002131 
-0.0001182 0.0000096 -0.0000901 0.0001905 -0.0002199 0.0000106 -0.0003511 -0.0001131 
0.0001112 -0.0000243 0.0000340 -0.0002022 0.0002094 -0.0000666 0.0003715 0.0000203 
-0.0001048 0.0000801 0.0000247 0.0002085 -0.0001793 0.0001249 -0.0003546 0.0000804 
0.0001186 -0.0000839 -0.0000734 -0.0001959 0.0001438 -0.0001703 0.0003153 -0.0001719 
-0.0000523 0.0001118 0.0001263 0.0001660 -0.0000895 0.0002005 -0.0002636 0.0002525 
0.0000492 -0.0001561 -0.0001691 -0.0001334 0.0000284 -0.0002227 0.0001910 -0.0003090 
-0.0000162 0.0001324 0.0001929 0.0000817 0.0000279 0.0002215 -0.0000941 0.0003431 
-0.0000457 -0.0001377 -0.0002096 -0.0000234 -0.0000876 -0.0002011 0.0000052 -0.0003549 
0.0000618 0.0001345 0.0002101 -0.0000295 0.0001414 0.0001746 0.0000936 0.0003422 
-0.0000821 -0.0001054 -0.0001909 0.0000873 -0.0001802 -0.0001288 -0.0001734 -0.0003012 
0.0001258 0.0000970 0.0001645 -0.0001363 0.0002117 0.0000723 0.0002473 0.0002409 
-0.0001173 -0.0000872 -0.0001226 0.0001706 -0.0002241 -0.0000164 -0.0003013 -0.0001647 
0.0001442 0.0000336 0.0000702 -0.0001998 0.0002175 -0.0000475 0.0003336 0.0000860 
-0.0001708 -0.0000217 -0.0000198 0.0002123 -0.0002007 0.0001064 -0.0003372 0.0000007 
0.0001488 -0.0000109 -0.0000390 -0.0002058 0.0001632 -0.0001527 0.0003229 -0.0000930 
-0.0001439 0.0000704 0.0000956 0.0001906 -0.0001118 0.0001925 -0.0002840 0.0001705 
0.0001410 -0.0000924 -0.0001395 -0.0001592 0.0000596 -0.0002163 0.0002317 -0.0002389 
-0.0000939 0.0001070 0.0001800 0.0001141 0.0000020 0.0002213 -0.0001553 0.0002811 
0.0000835 -0.0001392 -0.0002043 -0.0000651 -0.0000642 -0.0002151 0.0000772 -0.0003158 
-0.0000604 0.0001251 0.0002109 0.0000079 0.0001160 0.0001896 0.0000053 0.0003231 
0.0000168 -0.0001458 -0.0002077 0.0000498 -0.0001648 -0.0001489 -0.0000854 -0.0003060 
-0.0000002 0.0001526 0.0001878 -0.0000993 0.0002001 0.0001028 0.0001560 0.0002682 
-0.0000239 -0.0001331 -0.0001518 0.0001469 -0.0002163 -0.0000439 -0.0002219 -0.0002172 
0.0000751 0.0001294 0.0001104 -0.0001848 0.0002222 -0.0000198 0.0002681 0.0001490 
-0.0000881 -0.0001196 -0.0000582 0.0002048 -0.0002085 0.0000746 -0.0002941 -0.0000784 
0.0001036 0.0000715 0.0000008 -0.0002163 0.0001778 -0.0001293 0.0002972 -0.0000073 
-0.0001233 -0.0000681 0.0000539 0.0002087 -0.0001390 0.0001735 -0.0002866 0.0000785 
0.0001053 0.0000371 -0.0001081 -0.0001850 0.0000873 -0.0002009 0.0002540 -0.0001473 
-0.0001211 -0.0000096 0.0001541 0.0001523 -0.0000283 0.0002181 -0.0002037 0.0002052 
0.0001122 0.0000004 -0.0001860 -0.0001060 -0.0000271 -0.0002180 0.0001389 -0.0002417 
-0.0001030 0.0000176 0.0002090 0.0000524 0.0000857 0.0002000 -0.0000704 0.0002728 
0.0000985 -0.0000563 -0.0002185 0.0000023 -0.0001395 -0.0001718 -0.0000014 -0.0002802 
-0.0000943 0.0000587 0.0002087 -0.0000590 0.0001764 0.0001283 0.0000719 0.0002628 
0.0000536 -0.0000725 -0.0001886 0.0001123 -0.0002048 -0.0000743 -0.0001424 -0.0002362 
-0.0000548 0.0000819 0.0001536 -0.0001567 0.0002185 0.0000197 0.0001902 0.0001906 
0.0000286 -0.0000637 -0.0001054 0.0001927 -0.0002126 0.0000395 -0.0002296 -0.0001324 
-0.0000140 0.0000784 0.0000537 -0.0002143 0.0001961 -0.0000952 0.0002562 0.0000661 
0.0000124 -0.0000725 0.0000037 0.0002188 -0.0001645 0.0001400 -0.0002576 0.0000046 
-0.0000019 0.0000610 -0.0000618 -0.0002123 0.0001189 -0.0001799 0.0002483 -0.0000725 
-0.0000157 -0.0000657 0.0001131 0.0001913 -0.0000697 0.0002073 -0.0002217 0.0001301 
0.0000108 0.0000636 -0.0001591 -0.0001547 0.0000123 -0.0002153 0.0001712 -0.0001826 
-0.0000248 -0.0000434 0.0001939 0.0001099 0.0000464 0.0002119 -0.0001262 0.0002244 
0.0000237 0.0000536 -0.0002158 -0.0000566 -0.0000980 -0.0001933 0.0000608 -0.0002397 
-0.0000154 -0.0000378 0.0002241 -0.0000022 0.0001456 0.0001584 0.0000038 0.0002475 
0.0000257 0.0000385 -0.0002166 0.0000588 -0.0001826 -0.0001160 -0.0000690 -0.0002372 
-0.0000285 -0.0000437 0.0001930 -0.0001122 0.0002034 0.0000649 0.0001298 0.0002103 
0.0000258 0.0000464 -0.0001590 0.0001594 -0.0002146 -0.0000076 -0.0001786 -0.0001706 
-0.0000413 -0.0000362 0.0001144 -0.0001929 0.0002112 -0.0000456 0.0002119 0.0001192 
0.0000542 0.0000514 -0.0000603 0.0002164 -0.0001898 0.0000995 -0.0002366 -0.0000538 
-0.0000492 -0.0000320 0.0000037 -0.0002245 0.0001587 -0.0001466 0.0002454 0.0000016 
0.0000714 0.0000289 0.0000533 0.0002183 -0.0001163 0.0001803 -0.0002293 0.0000669 
-0.0000670 -0.0000269 -0.0001081 -0.0001980 0.0000637 -0.0002051 0.0002066 -0.0001238 
0.0000805 0.0000096 0.0001546 0.0001644 -0.0000097 0.0002153 -0.0001676 0.0001715 
-0.0000864 0.0000087 -0.0001910 -0.0001178 -0.0000454 -0.0002075 0.0001207 -0.0002110 
0.0000940 -0.0000156 0.0002160 0.0000661 0.0000993 0.0001907 -0.0000626 0.0002339 
-0.0000827 0.0000444 -0.0002234 -0.0000100 -0.0001416 -0.0001600 0.0000024 -0.0002374 
0.0000941 -0.0000660 0.0002191 -0.0000479 0.0001794 0.0001162 0.0000650 0.0002338 
-0.0000652 0.0000734 -0.0001991 0.0001015 -0.0002041 -0.0000685 -0.0001116 -0.0002101 
0.0000567 -0.0001020 0.0001668 -0.0001487 0.0002129 0.0000142 0.0001672 0.0001685 
-0.0000376 0.0001037 -0.0001236 0.0001867 -0.0002103 0.0000426 -0.0002036 -0.0001228 
0.0000164 -0.0001195 0.0000724 -0.0002117 0.0001935 -0.0000942 0.0002262 0.0000663 
0.0000148 0.0001134 -0.0000150 0.0002227 -0.0001602 0.0001407 -0.0002389 -0.0000108 
-0.0000317 -0.0001212 -0.0000422 -0.0002201 0.0001209 -0.0001785 0.0002303 -0.0000496 
0.0000693 0.0001043 0.0000955 0.0001995 -0.0000725 0.0002001 -0.0002071 0.0001070 
-0.0000921 -0.0001053 -0.0001442 -0.0001688 0.0000168 -0.0002138 0.0001772 -0.0001584 
0.0001016 0.0000672 0.0001815 0.0001266 0.0000360 0.0002122 -0.0001277 0.0001914 
-0.0001263 -0.0000469 -0.0002071 -0.0000755 -0.0000893 -0.0001938 0.0000717 -0.0002228 
0.0001241 0.0000161 0.0002201 0.0000206 0.0001374 0.0001661 -0.0000136 0.0002325 
-0.0001341 0.0000121 -0.0002180 0.0000356 -0.0001749 -0.0001263 -0.0000475 -0.0002239 
0.0001252 -0.0000469 0.0002012 -0.0000916 0.0002018 0.0000744 0.0001007 0.0002059 
-0.0001105 0.0000668 -0.0001722 0.0001396 -0.0002159 -0.0000227 -0.0001462 -0.0001717 
0.0000836 -0.0000993 0.0001287 -0.0001780 0.0002116 -0.0000329 0.0001870 0.0001256 
-0.0000673 0.0001122 -0.0000792 0.0002059 -0.0001983 0.0000878 -0.0002129 -0.0000788 
0.0000263 -0.0001173 0.0000248 -0.0002187 0.0001703 -0.0001334 0.0002204 0.0000157 
0.0000025 0.0001205 0.0000326 0.0002169 -0.0001283 0.0001733 -0.0002217 0.0000435 
-0.0000352 -0.0001102 -0.0000864 -0.0002028 0.0000815 -0.0002026 0.0002009 -0.0001000 
0.0000574 0.0000964 0.0001345 0.0001740 -0.0000278 0.0002158 -0.0001640 0.0001488 
-0.0000841 -0.0000790 -0.0001766 -0.0001339 -0.0000319 -0.0002171 0.0001186 -0.0001856 
0.0000894 0.0000464 0.0002041 0.0000859 0.0000839 0.0002032 -0.0000647 0.0002070 
-0.0001097 -0.0000168 -0.0002195 -0.0000292 -0.0001342 -0.0001722 0.0000054 -0.0002170 
0.0000958 -0.0000046 0.0002209 -0.0000274 0.0001756 0.0001342 0.0000472 0.0002101 
-0.0000868 0.0000438 -0.0002066 0.0000820 -0.0002023 -0.0000855 -0.0001067 -0.0001874 
0.0000700 -0.0000634 0.0001781 -0.0001329 0.0002188 0.0000280 0.0001525 0.0001566 
-0.0000446 0.0000843 -0.0001402 0.0001736 -0.0002207 0.0000273 -0.0001883 -0.0001096 
0.0000158 -0.0000858 0.0000915 -0.0002028 0.0002055 -0.0000825 0.0002138 0.0000531 
0.0000041 0.0000914 -0.0000377 0.0002224 -0.0001796 0.0001365 -0.0002214 0.0000071 
-0.0000418 -0.0000755 -0.0000184 -0.0002238 0.0001395 -0.0001753 0.0002070 -0.0000684 
0.0000637 0.0000730 0.0000764 0.0002128 -0.0000868 0.0002073 -0.0001833 0.0001247 
-0.0000771 -0.0000399 -0.0001275 -0.0001882 0.0000331 -0.0002243 0.0001427 -0.0001649 
0.0001002 0.0000158 0.0001706 0.0001497 0.0000261 0.0002234 -0.0000920 0.0002026 
-0.0001006 0.0000133 -0.0002040 -0.0001015 -0.0000852 -0.0002108 0.0000379 -0.0002209 
0.0000973 -0.0000437 0.0002227 0.0000485 0.0001348 0.0001837 0.0000210 0.0002246 
-0.0000767 0.0000789 -0.0002274 0.0000094 -0.0001773 -0.0001416 -0.0000819 -0.0002149 
0.0000608 -0.0000902 0.0002209 -0.0000658 0.0002115 0.0000934 0.0001391 0.0001877 
-0.0000222 0.0001173 -0.0001961 0.0001171 -0.0002257 -0.0000365 -0.0001891 -0.0001407 
0.0000006 -0.0001202 0.0001616 -0.0001652 0.0002298 -0.0000261 0.0002251 0.0000870 
0.0000445 0.0001163 -0.0001168 0.0001996 -0.0002169 0.0000814 -0.0002393 -0.0000232 
-0.0000721 -0.0001165 0.0000622 -0.0002227 0.0001861 -0.0001355 0.0002412 -0.0000416 
0.0001008 0.0000931 -0.0000048 0.0002329 -0.0001473 0.0001813 -0.0002221 0.0001021 
-0.0001235 -0.0000677 -0.0000523 -0.0002259 0.0000966 -0.0002113 0.0001868 -0.0001564 
0.0001466 0.0000254 0.0001077 0.0002052 -0.0000380 0.0002290 -0.0001461 0.0002004 
-0.0001440 0.0000113 -0.0001544 -0.0001746 -0.0000194 -0.0002343 0.0000900 -0.0002337 
0.0001474 -0.0000529 0.0001914 0.0001292 0.0000792 0.0002186 -0.0000223 0.0002586 
-0.0001281 0.0000809 -0.0002202 -0.0000788 -0.0001355 -0.0001932 -0.0000451 -0.0002599 
0.0001044 -0.0001170 0.0002315 0.0000231 0.0001778 0.0001529 0.0001151 0.0002400 
-0.0000815 0.0001382 -0.0002302 0.0000369 -0.0002127 -0.0000996 -0.0001739 -0.0002054 
0.0000447 -0.0001519 0.0002158 -0.0000926 0.0002332 0.0000443 0.0002201 0.0001513 
-0.0000033 0.0001550 -0.0001844 0.0001419 -0.0002344 0.0000164 -0.0002502 -0.0000878 
-0.0000360 -0.0001599 0.0001426 -0.0001847 0.0002225 -0.0000778 0.0002653 0.0000246 
0.0000778 0.0001371 -0.0000948 0.0002125 -0.0001976 0.0001290 -0.0002623 0.0000434 
-0.0001096 -0.0001246 0.0000368 -0.0002283 0.0001552 -0.0001762 0.0002505 -0.0001109 
0.0001284 0.0000863 0.0000192 0.0002324 -0.0001078 0.0002122 -0.0002191 0.0001681 
-0.0001497 -0.0000570 -0.0000753 -0.0002185 0.0000500 -0.0002299 0.0001676 -0.0002246 
0.0001508 0.0000211 0.0001290 0.0001934 0.0000126 0.0002369 -0.0001076 0.0002599 
-0.0001491 0.0000176 -0.0001725 -0.0001575 -0.0000699 -0.0002275 0.0000328 -0.0002788 
0.0001326 -0.0000554 0.0002052 0.0001079 0.0001257 0.0001998 0.0000418 0.0002778 
-0.0001249 0.0000853 -0.0002275 -0.0000528 -0.0001745 -0.0001613 -0.0001102 -0.0002565 
0.0000892 -0.0001154 0.0002309 -0.0000035 0.0002057 0.0001133 0.0001706 0.0002173 
-0.0000657 0.0001313 -0.0002227 0.0000637 -0.0002297 -0.0000544 -0.0002186 -0.0001750 
0.0000249 -0.0001343 0.0002018 -0.0001151 0.0002377 -0.0000027 0.0002518 0.0001161 
0.0000062 0.0001362 -0.0001650 0.0001609 -0.0002264 0.0000638 -0.0002792 -0.0000489 
-0.0000376 -0.0001205 0.0001204 -0.0001990 0.0002053 -0.0001209 0.0002815 -0.0000207 
0.0000695 0.0001049 -0.0000691 0.0002222 -0.0001692 0.0001661 -0.0002669 0.0000968 
-0.0000963 -0.0000782 0.0000093 -0.0002324 0.0001188 -0.0002046 0.0002354 -0.0001666 
0.0001059 0.0000611 0.0000491 0.0002297 -0.0000639 0.0002303 -0.0001844 0.0002201 
-0.0001195 -0.0000201 -0.0001036 -0.0002076 0.0000044 -0.0002349 0.0001194 -0.0002599 
0.0001168 -0.0000025 0.0001560 0.0001761 0.0000578 0.0002313 -0.0000559 0.0002770 
-0.0001074 0.0000354 -0.0001930 -0.0001335 -0.0001111 -0.0002105 -0.0000154 -0.0002760 
0.0000922 -0.0000576 0.0002208 0.0000789 0.0001624 0.0001728 0.0000842 0.0002681 
-0.0000646 0.0000784 -0.0002359 -0.0000230 -0.0002027 -0.0001295 -0.0001470 -0.0002402 
0.0000413 -0.0000969 0.0002335 -0.0000350 0.0002259 0.0000750 0.0002065 0.0001964 
-0.0000123 0.0001116 -0.0002183 0.0000950 -0.0002394 -0.0000131 -0.0002547 -0.0001417 
-0.0000021 -0.0001010 0.0001910 -0.0001466 0.0002374 -0.0000471 0.0002853 0.0000731 
0.0000343 0.0000999 -0.0001458 0.0001895 -0.0002138 0.0001056 -0.0002961 0.0000026 
-0.0000539 -0.0000864 0.0000950 -0.0002246 0.0001840 -0.0001588 0.0002777 -0.0000759 
0.0000777 0.0000611 -0.0000377 0.0002393 -0.0001396 0.0001971 -0.0002460 0.0001429 
-0.0000943 -0.0000399 -0.0000259 -0.0002428 0.0000829 -0.0002284 0.0002065 -0.0001983 
0.0000990 0.0000115 0.0000839 0.0002315 -0.0000263 0.0002437 -0.0001505 0.0002429 
-0.0001061 0.0000152 -0.0001383 -0.0002025 -0.0000359 -0.0002400 0.0000876 -0.0002786 
0.0001080 -0.0000365 0.0001879 0.0001638 0.0000980 0.0002262 -0.0000215 0.0002990 
-0.0000861 0.0000573 -0.0002231 -0.0001149 -0.0001506 -0.0001970 -0.0000559 -0.0002958 
0.0000758 -0.0000830 0.0002455 0.0000529 0.0001968 0.0001493 0.0001285 0.0002767 
-0.0000537 0.0000979 -0.0002559 0.0000080 -0.0002305 -0.0000989 -0.0001963 -0.0002315 
0.0000249 -0.0001082 0.0002446 -0.0000709 0.0002456 0.0000378 0.0002548 0.0001725 
0.0000049 0.0001183 -0.0002216 0.0001327 -0.0002508 0.0000272 -0.0002861 -0.0001076 
-0.0000309 -0.0001122 0.0001840 -0.0001822 0.0002376 -0.0000865 0.0003034 0.0000325 
0.0000585 0.0001066 -0.0001314 0.0002222 -0.0002060 0.0001446 -0.0003072 0.0000418 
-0.0000746 -0.0000999 0.0000741 -0.0002517 0.0001663 -0.0001947 0.0002922 -0.0001112 
0.0000938 0.0000660 -0.0000119 0.0002622 -0.0001144 0.0002296 -0.0002562 0.0001813 
-0.0001129 -0.0000510 -0.0000570 -0.0002589 0.0000493 -0.0002540 0.0002082 -0.0002402 
0.0001180 0.0000251 0.0001173 0.0002408 0.0000127 0.0002602 -0.0001385 0.0002899 
-0.0001221 0.0000097 -0.0001740 -0.0002026 -0.0000788 -0.0002467 0.0000607 -0.0003242 
0.0001240 -0.0000322 0.0002220 0.0001553 0.0001405 0.0002230 0.0000198 0.0003249 
-0.0001071 0.0000604 -0.0002524 -0.0000969 -0.0001902 -0.0001811 -0.0001026 -0.0003117 
0.0000945 -0.0000819 0.0002691 0.0000288 0.0002319 0.0001250 0.0001735 0.0002799 
-0.0000802 0.0000894 -0.0002710 0.0000364 -0.0002587 -0.0000660 -0.0002319 -0.0002285 
0.0000434 -0.0001063 0.0002525 -0.0001011 0.0002659 -0.0000002 0.0002837 0.0001642 
-0.0000290 0.0001171 -0.0002215 0.0001643 -0.0002610 0.0000710 -0.0003152 -0.0000913 
0.0000036 -0.0001149 0.0001771 -0.0002112 0.0002358 -0.0001316 0.0003352 0.0000096 
0.0000306 0.0001122 -0.0001167 0.0002497 -0.0001925 0.0001890 -0.0003346 0.0000733 
-0.0000440 -0.0001099 0.0000536 -0.0002735 0.0001427 -0.0002336 0.0003034 -0.0001541 
0.0000678 0.0000866 0.0000162 0.0002766 -0.0000782 0.0002602 -0.0002549 0.0002287 
-0.0000837 -0.0000748 -0.0000871 -0.0002648 0.0000073 -0.0002746 0.0001925 -0.0002828 
0.0000806 0.0000550 0.0001480 0.0002370 0.0000595 0.0002690 -0.0001108 0.0003175 
-0.0000958 -0.0000214 -0.0002012 -0.0001908 -0.0001254 -0.0002441 0.0000287 -0.0003379 
0.0000984 0.0000107 0.0002458 0.0001365 0.0001868 0.0002081 0.0000562 0.0003315 
-0.0000879 0.0000097 -0.0002684 -0.0000734 -0.0002307 -0.0001540 -0.0001354 -0.0003147 
0.0000874 -0.0000354 0.0002796 0.0000013 0.0002648 0.0000872 0.0002076 0.0002746 
-0.0000792 0.0000357 -0.0002732 0.0000658 -0.0002798 -0.0000211 -0.0002727 -0.0002114 
0.0000571 -0.0000568 0.0002460 -0.0001324 0.0002739 -0.0000527 0.0003190 0.0001372 
-0.0000489 0.0000633 -0.0002064 0.0001925 -0.0002548 0.0001231 -0.0003396 -0.0000525 
0.0000293 -0.0000534 0.0001530 -0.0002353 0.0002156 -0.0001810 0.0003386 -0.0000424 
-0.0000084 0.0000641 -0.0000868 0.0002652 -0.0001600 0.0002302 -0.0003195 0.0001243 
0.0000070 -0.0000621 0.0000196 -0.0002814 0.0000996 -0.0002663 0.0002742 -0.0002024 
0.0000049 0.0000483 0.0000499 0.0002733 -0.0000274 0.0002801 -0.0002174 0.0002609 
-0.0000225 -0.0000531 -0.0001194 -0.0002538 -0.0000477 -0.0002810 0.0001451 -0.0003015 
0.0000111 0.0000466 0.0001761 0.0002171 0.0001143 0.0002595 -0.0000626 0.0003324 
-0.0000271 -0.0000292 -0.0002257 -0.0001641 -0.0001791 -0.0002197 -0.0000215 -0.0003382 
0.0000291 0.0000307 0.0002625 0.0001041 0.0002313 0.0001696 0.0001072 0.0003168 
-0.0000170 -0.0000161 -0.0002775 -0.0000360 -0.0002639 -0.0001045 -0.0001922 -0.0002790 
0.0000295 0.0000072 0.0002774 -0.0000375 0.0002820 0.0000307 0.0002533 0.0002240 
-0.0000247 -0.0000151 -0.0002615 0.0001035 -0.0002825 0.0000383 -0.0003032 -0.0001480 
0.0000134 0.0000065 0.0002231 -0.0001653 0.0002605 -0.0001110 0.0003255 0.0000677 
-0.0000256 0.0000005 -0.0001767 0.0002179 -0.0002265 0.0001762 -0.0003262 0.0000193 
0.0000187 0.0000131 0.0001176 -0.0002523 0.0001730 -0.0002249 0.0003143 -0.0001006 
-0.0000131 -0.0000001 -0.0000488 0.0002745 -0.0001080 0.0002636 -0.0002767 0.0001752 
0.0000202 0.0000021 -0.0000191 -0.0002807 0.0000403 -0.0002839 0.0002189 -0.0002412 
-0.0000091 -0.0000104 0.0000883 0.0002643 0.0000347 0.0002813 -0.0001537 0.0002951 
0.0000100 -0.0000032 -0.0001541 -0.0002345 -0.0001082 -0.0002636 0.0000749 -0.0003201 
-0.0000239 -0.0000022 0.0002050 0.0001903 0.0001678 0.0002281 0.0000098 0.0003294 
0.0000178 0.0000109 -0.0002468 -0.0001293 -0.0002223 -0.0001753 -0.0000960 -0.0003113 
-0.0000155 0.0000097 0.0002729 0.0000663 0.0002612 0.0001161 0.0001745 0.0002719 
0.0000319 -0.0000011 -0.0002779 0.0000033 -0.0002786 -0.0000445 -0.0002356 -0.0002202 
-0.0000188 0.0000033 0.0002694 -0.0000736 0.0002825 -0.0000295 0.0002811 0.0001518 
0.0000243 -0.0000150 -0.0002449 0.0001354 -0.0002664 0.0000967 -0.0003119 -0.0000717 
-0.0000269 0.0000054 0.0002009 -0.0001919 0.0002300 -0.0001626 0.0003217 -0.0000034 
0.0000135 -0.0000155 -0.0001483 0.0002382 -0.0001816 0.0002179 -0.0003056 0.0000845 
-0.0000172 0.0000301 0.0000864 -0.0002642 0.0001206 -0.0002522 0.0002756 -0.0001590 
0.0000225 -0.0000226 -0.0000141 0.0002789 -0.0000506 0.0002761 -0.0002207 0.0002276 
0.0000019 0.0000292 -0.0000523 -0.0002745 -0.0000173 -0.0002810 0.0001557 -0.0002772 
0.0000089 -0.0000445 0.0001182 0.0002500 0.0000888 0.0002638 -0.0000788 0.0003016 
0.0000028 0.0000280 -0.0001773 -0.0002145 -0.0001534 -0.0002348 -0.0000029 -0.0003124 
-0.0000141 -0.0000370 0.0002210 0.0001651 0.0002035 0.0001881 0.0000800 0.0003021 
0.0000082 0.0000335 -0.0002553 -0.0001032 -0.0002457 -0.0001279 -0.0001472 -0.0002707 
-0.0000237 -0.0000223 0.0002748 0.0000388 0.0002716 0.0000636 0.0002101 0.0002219 
0.0000391 0.0000274 -0.0002722 0.0000284 -0.0002742 0.0000070 -0.0002574 -0.0001611 
-0.0000292 -0.0000270 0.0002588 -0.0000980 0.0002648 -0.0000768 0.0002933 0.0000903 
0.0000431 -0.0000034 -0.0002268 0.0001552 -0.0002366 0.0001364 -0.0003083 -0.0000165 
-0.0000577 -0.0000074 0.0001785 -0.0002063 0.0001918 -0.0001924 0.0002944 -0.0000650 
0.0000385 -0.0000104 -0.0001235 0.0002442 -0.0001395 0.0002343 -0.0002696 0.0001381 
-0.0000450 0.0000279 0.0000604 -0.0002623 0.0000756 -0.0002569 0.0002279 -0.0001970 
0.0000364 -0.0000274 0.0000080 0.0002694 -0.0000071 0.0002690 -0.0001658 0.0002405 
-0.0000188 0.0000465 -0.0000717 -0.0002604 -0.0000580 -0.0002632 0.0000992 -0.0002741 
0.0000224 -0.0000603 0.0001322 0.0002312 0.0001223 0.0002358 -0.0000277 0.0002859 
-0.0000105 0.0000438 -0.0001871 -0.0001938 -0.0001775 -0.0001990 -0.0000445 -0.0002884 
-0.0000268 -0.0000623 0.0002255 0.0001417 0.0002163 0.0001477 0.0001072 0.0002652 
0.0000196 0.0000659 -0.0002530 -0.0000786 -0.0002472 -0.0000864 -0.0001763 -0.0002250 
-0.0000457 -0.0000414 0.0002652 0.0000158 0.0002603 0.0000248 0.0002244 0.0001753 
0.0000630 0.0000379 -0.0002557 0.0000500 -0.0002531 0.0000418 -0.0002556 -0.0001131 
-0.0000632 -0.0000166 0.0002362 -0.0001123 0.0002360 -0.0001041 0.0002693 0.0000414 
0.0000784 -0.0000105 -0.0002021 0.0001643 -0.0002038 0.0001563 -0.0002691 0.0000264 
-0.0000835 0.0000115 0.0001516 -0.0002080 0.0001543 -0.0002025 0.0002494 -0.0000931 
0.0000553 -0.0000345 -0.0000985 0.0002399 -0.0001005 0.0002339 -0.0002220 0.0001467 
-0.0000690 0.0000712 0.0000363 -0.0002533 0.0000385 -0.0002461 0.0001744 -0.0001883 
0.0000517 -0.0000606 0.0000301 0.0002545 0.0000261 0.0002488 -0.0001207 0.0002312 
-0.0000182 0.0000908 -0.0000903 -0.0002396 -0.0000839 -0.0002340 0.0000611 -0.0002492 
0.0000081 -0.0000996 0.0001467 0.0002048 0.0001403 0.0002006 0.0000028 0.0002510 
0.0000276 0.0000903 -0.0001936 -0.0001634 -0.0001857 -0.0001613 -0.0000684 -0.0002411 
-0.0000587 -0.0000955 0.0002247 0.0001113 0.0002161 0.0001115 0.0001239 0.0002111 
0.0000617 0.0000837 -0.0002450 -0.0000482 -0.0002381 -0.0000506 -0.0001713 -0.0001693 
-0.0000905 -0.0000410 0.0002495 -0.0000098 0.0002427 -0.0000079 0.0001989 0.0001271 
0.0001138 0.0000473 -0.0002368 0.0000715 -0.0002277 0.0000688 -0.0002175 -0.0000660 
-0.0000968 -0.0000053 0.0002124 -0.0001300 0.0002045 -0.0001248 0.0002321 0.0000169 
0.0001207 -0.0000242 -0.0001740 0.0001768 -0.0001666 0.0001686 -0.0002211 0.0000386 
-0.0001097 0.0000450 0.0001213 -0.0002153 0.0001154 -0.0002059 0.0002025 -0.0000950 
0.0000917 -0.0000834 -0.0000656 0.0002389 -0.0000630 0.0002276 -0.0001717 0.0001418 
-0.0000799 0.0001082 0.0000055 -0.0002449 0.0000057 -0.0002318 0.0001279 -0.0001796 
0.0000484 -0.0001045 0.0000591 0.0002388 0.0000555 0.0002278 -0.0000793 0.0002029 
0.0000061 0.0001298 -0.0001121 -0.0002167 -0.0001078 -0.0002066 0.0000283 -0.0002046 
-0.0000032 -0.0001254 0.0001628 0.0001808 0.0001576 0.0001696 0.0000307 0.0002009 
0.0000577 0.0000935 -0.0002041 -0.0001365 -0.0001957 -0.0001264 -0.0000679 -0.0001923 
-0.0000783 -0.0001040 0.0002298 0.0000823 0.0002181 0.0000733 0.0001098 0.0001641 
0.0000875 0.0000728 -0.0002452 -0.0000203 -0.0002315 -0.0000136 -0.0001509 -0.0001308 
-0.0001140 -0.0000463 0.0002432 -0.0000392 0.0002271 -0.0000415 0.0001760 0.0000939 
0.0001180 0.0000266 -0.0002238 0.0000973 -0.0002053 0.0000959 -0.0001946 -0.0000451 
-0.0001024 0.0000182 0.0001936 -0.0001527 0.0001779 -0.0001466 0.0001994 -0.0000022 
0.0001138 -0.0000604 -0.0001500 0.0001923 -0.0001362 0.0001839 -0.0001807 0.0000526 
-0.0000838 0.0000504 0.0000970 -0.0002234 0.0000827 -0.0002142 0.0001661 -0.0001014 
0.0000468 -0.0000962 -0.0000415 0.0002430 -0.0000289 0.0002297 -0.0001365 0.0001268 
-0.0000424 0.0000959 -0.0000191 -0.0002430 -0.0000296 -0.0002262 0.0001008 -0.0001542 
0.0000076 -0.0000878 0.0000799 0.0002343 0.0000875 0.0002154 -0.0000595 0.0001780 
0.0000115 0.0000926 -0.0001338 -0.0002077 -0.0001357 -0.0001860 0.0000185 -0.0001868 
-0.0000263 -0.0000797 0.0001803 0.0001664 0.0001772 0.0001419 0.0000261 0.0001877 
0.0000632 0.0000537 -0.0002182 -0.0001189 -0.0002092 -0.0000970 -0.0000674 -0.0001762 
-0.0000825 -0.0000582 0.0002388 0.0000613 0.0002252 0.0000421 0.0001168 0.0001465 
0.0000674 0.0000154 -0.0002464 0.0000000 -0.0002314 0.0000181 -0.0001538 -0.0001194 
-0.0000983 0.0000106 0.0002412 -0.0000576 0.0002218 -0.0000726 0.0001696 0.0000765 
0.0000742 -0.0000202 -0.0002172 0.0001142 -0.0001929 0.0001260 -0.0001804 -0.0000336 
-0.0000537 0.0000510 0.0001869 -0.0001659 0.0001608 -0.0001732 0.0001883 -0.0000135 
0.0000447 -0.0000523 -0.0001407 0.0002050 -0.0001114 0.0002051 -0.0001765 0.0000546 
-0.0000219 0.0000617 0.0000839 -0.0002334 0.0000516 -0.0002267 0.0001605 -0.0000923 
-0.0000023 -0.0000801 -0.0000279 0.0002492 0.0000014 0.0002341 -0.0001363 0.0001298 
0.0000003 0.0000747 -0.0000365 -0.0002467 -0.0000605 -0.0002242 0.0000960 -0.0001693 
-0.0000435 -0.0000614 0.0000964 0.0002300 0.0001176 0.0002062 -0.0000584 0.0001870 
0.0000477 0.0000697 -0.0001464 -0.0002016 -0.0001621 -0.0001725 0.0000023 -0.0001935 
-0.0000666 -0.0000364 0.0001918 0.0001569 0.0002019 0.0001228 0.0000446 0.0001858 
0.0000740 0.0000142 -0.0002254 -0.0001089 -0.0002286 -0.0000738 -0.0000927 -0.0001737 
-0.0000688 0.0000105 0.0002441 0.0000504 0.0002371 0.0000129 0.0001234 0.0001445 
0.0000675 -0.0000188 -0.0002493 0.0000144 -0.0002342 0.0000535 -0.0001550 -0.0001036 
-0.0000669 0.0000435 0.0002414 -0.0000705 0.0002156 -0.0001043 0.0001821 0.0000677 
0.0000486 -0.0000277 -0.0002153 0.0001315 -0.0001795 0.0001567 -0.0001994 -0.0000195 
-0.0000393 0.0000649 0.0001758 -0.0001806 0.0001382 -0.0001980 0.0001998 -0.0000215 
0.0000435 -0.0000546 -0.0001270 0.0002149 -0.0000859 0.0002234 -0.0001837 0.0000841 
-0.0000083 0.0000685 0.0000669 -0.0002413 0.0000229 -0.0002411 0.0001527 -0.0001322 
-0.0000021 -0.0000715 -0.0000098 0.0002503 0.0000326 0.0002404 -0.0001185 0.0001671 
0.0000270 0.0000645 -0.0000530 -0.0002438 -0.0000949 -0.0002212 0.0000683 -0.0001815 
-0.0000273 -0.0000677 0.0001152 0.0002239 0.0001547 0.0001926 -0.0000086 0.0001967 
0.0000425 0.0000510 -0.0001632 -0.0001915 -0.0001923 -0.0001493 -0.0000347 -0.0001974 
-0.0000271 -0.0000397 0.0002081 0.0001432 0.0002244 0.0000905 0.0000795 0.0001802 
0.0000492 0.0000370 -0.0002395 -0.0000864 -0.0002424 -0.0000356 -0.0001210 -0.0001508 
-0.0000515 -0.0000370 0.0002477 0.0000242 0.0002380 -0.0000260 0.0001601 0.0001193 
0.0000553 0.0000237 -0.0002503 0.0000423 -0.0002293 0.0000907 -0.0001992 -0.0000613 
-0.0000697 -0.0000053 0.0002296 -0.0000997 0.0001979 -0.0001397 0.0002052 0.0000184 
0.0000776 -0.0000150 -0.0001974 0.0001533 -0.0001531 0.0001875 -0.0001886 0.0000470 
-0.0000669 0.0000140 0.0001538 -0.0002020 0.0001035 -0.0002290 0.0001811 -0.0001055 
0.0000606 -0.0000279 -0.0000998 0.0002299 -0.0000428 0.0002411 -0.0001470 0.0001415 
-0.0000468 0.0000197 0.0000375 -0.0002487 -0.0000267 -0.0002437 0.0000978 -0.0001708 
0.0000508 -0.0000364 0.0000267 0.0002541 0.0000829 0.0002313 -0.0000483 0.0001863 
-0.0000411 0.0000433 -0.0000905 -0.0002325 -0.0001383 -0.0001947 0.0000000 -0.0001913 
0.0000387 -0.0000506 0.0001503 0.0002063 0.0001896 0.0001593 0.0000588 0.0002049 
-0.0000186 0.0000667 -0.0001926 -0.0001584 -0.0002161 -0.0001027 -0.0000941 -0.0001729 
-0.0000004 -0.0000837 0.0002259 0.0001043 0.0002372 0.0000407 0.0001525 0.0001348 
-0.0000004 0.0000542 -0.0002493 -0.0000461 -0.0002486 0.0000160 -0.0001908 -0.0001060 
-0.0000196 -0.0000649 0.0002465 -0.0000193 0.0002276 -0.0000807 0.0001922 0.0000414 
0.0000114 0.0000359 -0.0002354 0.0000806 -0.0002010 0.0001423 -0.0002047 0.0000179 
-0.0000252 -0.0000365 0.0002116 -0.0001370 0.0001588 -0.0001813 0.0001862 -0.0000663 
0.0000332 0.0000322 -0.0001619 0.0001890 -0.0000969 0.0002163 -0.0001515 0.0001138 
-0.0000286 -0.0000319 0.0001141 -0.0002254 0.0000464 -0.0002382 0.0001433 -0.0001464 
0.0000525 0.0000119 -0.0000499 0.0002418 0.0000193 0.0002329 -0.0000830 0.0001641 
-0.0000754 0.0000004 -0.0000141 -0.0002446 -0.0000814 -0.0002220 0.0000427 -0.0002048 
0.0000167 -0.0000021 0.0000716 0.0002377 0.0001268 0.0002019 -0.0000090 0.0002016 
-0.0000423 0.0000204 -0.0001304 -0.0002021 -0.0001768 -0.0001510 -0.0000650 -0.0001755 
-0.0000099 -0.0000195 0.0001740 0.0001646 0.0002141 0.0001047 0.0001027 0.0001682 
0.0000082 0.0000131 -0.0002092 -0.0001196 -0.0002269 -0.0000468 -0.0001475 -0.0001239 
-0.0000093 -0.0000093 0.0002356 0.0000541 0.0002299 -0.0000232 0.0001681 0.0000774 
0.0000114 0.0000010 -0.0002414 -0.0000006 -0.0002185 0.0000705 -0.0001596 -0.0000567 
-0.0000110 -0.0000061 0.0002268 -0.0000638 0.0001820 -0.0001282 0.0001561 -0.0000041 
0.0000085 0.0000084 -0.0002002 0.0001201 -0.0001473 0.0001717 -0.0001792 0.0000209 
-0.0000148 0.0000422 0.0001668 -0.0001605 0.0001053 -0.0001901 0.0001392 -0.0000403 
0.0000157 -0.0000219 -0.0001105 0.0001973 -0.0000408 0.0002125 -0.0001123 0.0001014 
-0.0000058 0.0000859 0.0000604 -0.0002160 -0.0000082 -0.0002216 0.0001123 -0.0001084 
-0.0000013 -0.0000916 -0.0000089 0.0002169 0.0000647 0.0002001 -0.0000695 0.0001345 
0.0000454 0.0000617 -0.0000549 -0.0002207 -0.0001255 -0.0001817 0.0000363 -0.0001517 
-0.0000562 -0.0000864 0.0000947 0.0001937 0.0001484 0.0001389 -0.0000251 0.0001003 
0.0000633 0.0000364 -0.0001433 -0.0001580 -0.0001861 -0.0000861 -0.0000258 -0.0001160 
-0.0000746 -0.0000186 0.0001802 0.0001102 0.0002014 0.0000398 0.0000002 0.0001210 
0.0001190 0.0000384 -0.0001918 -0.0000661 -0.0001842 0.0000034 -0.0000082 -0.0000814 
-0.0001257 0.0000042 0.0002007 0.0000072 0.0001777 -0.0000625 0.0000578 0.0000923 
0.0001756 0.0000042 -0.0001947 0.0000419 -0.0001639 0.0000958 -0.0000393 -0.0001017 
-0.0001842 0.0000353 0.0001630 -0.0000806 0.0001169 -0.0001330 0.0000704 0.0000861 
0.0001504 -0.0001020 -0.0001512 0.0001267 -0.0000905 0.0001721 -0.0000986 -0.0000912 
-0.0001687 0.0001273 0.0001062 -0.0001403 0.0000360 -0.0001583 0.0000441 0.0000727 
0.0000827 -0.0001731 -0.0000616 0.0001693 0.0000170 0.0001780 -0.0000991 -0.0000389 
-0.0000604 0.0002108 0.0000109 -0.0001802 -0.0000532 -0.0001647 0.0000963 0.0001053 
0.0000931 -0.0002428 0.0000290 0.0001566 0.0000824 0.0001115 -0.0000857 -0.0000917 
0.0000296 0.0002904 -0.0000761 -0.0001499 -0.0001195 -0.0000975 0.0001629 0.0000095 
0.0000200 -0.0003085 0.0001067 0.0001199 0.0001203 0.0000679 -0.0001901 -0.0000555 
0.0000562 0.0003332 -0.0001212 -0.0000614 -0.0001378 -0.0000068 0.0001991 -0.0000020 
-0.0001986 -0.0003278 0.0001332 0.0000610 0.0001483 0.0000038 -0.0002705 0.0000948 
0.0002346 0.0002911 -0.0001172 -0.0000068 -0.0001013 0.0000517 0.0002114 -0.0000509 
-0.0003539 -0.0002126 0.0001208 -0.0000301 0.0001051 -0.0000890 -0.0002007 0.0001858 
0.0004038 0.0001012 -0.0001147 0.0000618 -0.0000752 0.0000975 0.0002622 -0.0001702 
-0.0005032 -0.0001774 0.0000526 -0.0000761 -0.0000155 -0.0000960 -0.0002283 0.0002342 
0.0005853 -0.0000403 -0.0000528 0.0001041 0.0000081 0.0001087 0.0001018 -0.0004103 
